Rk	Team	Conf	W-L	AdjEM	AdjO	AdjD	AdjT	Luck	AdjEM	OppO	OppD	AdjEM
1	Gonzaga 1	WCC	28-4	+30.95	120.7	3	89.7	10	72.5	5	-.039	271	+4.24	93	104.6	101	100.3	89	-2.88	248
2	Houston 5	Amer	32-6	+27.70	116.8	10	89.1	8	63.6	338	-.012	203	+5.89	75	105.5	81	99.6	62	+0.18	154
3	Kansas 1	B12	34-6	+27.49	119.2	6	91.7	17	69.3	65	+.041	88	+12.60	1	108.0	20	95.4	1	+4.13	49
4	Baylor 1	B12	27-7	+27.04	118.0	8	91.0	13	67.4	163	+.004	163	+10.96	13	107.4	36	96.5	7	-1.89	216
5	Arizona 1	P12	33-4	+25.96	118.6	7	92.6	21	72.2	9	+.048	75	+6.45	70	105.9	70	99.5	58	-0.78	180
6	Kentucky 2	SEC	26-8	+25.72	120.0	5	94.3	36	67.5	150	-.043	279	+8.88	30	106.5	58	97.6	14	-2.72	242
7	Texas Tech 3	B12	27-10	+25.64	110.7	42	85.0	1	66.5	218	-.031	247	+10.98	12	107.8	26	96.8	9	-8.24	347
8	Duke 2	ACC	32-7	+25.15	121.1	1	95.9	49	67.3	172	-.010	199	+8.22	42	107.8	24	99.6	63	-4.58	288
9	Tennessee 3	SEC	27-8	+25.10	111.5	35	86.4	3	67.4	157	+.029	117	+11.39	10	108.5	9	97.1	13	+4.85	42
10	Villanova 2	BE	30-8	+24.56	117.5	9	92.9	23	62.3	347	+.060	58	+11.46	9	109.1	6	97.6	15	+8.65	14
11	UCLA 4	P12	27-8	+24.26	115.9	12	91.7	16	65.2	277	-.029	245	+8.50	39	107.2	43	98.7	38	+3.67	64
12	Auburn 2	SEC	28-6	+23.20	112.7	25	89.5	9	70.1	42	-.021	226	+8.35	41	106.9	52	98.6	35	+3.70	62
13	Iowa 5	B10	26-10	+22.72	120.5	4	97.8	80	69.7	53	-.061	309	+7.31	61	107.1	45	99.8	69	-6.82	326
14	Purdue 3	B10	29-8	+22.36	121.0	2	98.6	93	66.1	237	+.022	133	+8.81	33	108.0	19	99.2	49	-3.54	261
15	Texas 6	B12	22-12	+20.88	112.5	26	91.6	14	63.8	336	-.043	281	+10.68	15	107.7	27	97.0	12	-8.15	343
16	North Carolina 8	ACC	29-10	+20.13	114.4	18	94.3	35	70.2	39	+.072	46	+9.90	19	109.0	8	99.1	47	+3.79	61
17	Saint Mary's 5	WCC	26-8	+19.53	110.1	51	90.6	12	63.6	339	+.039	96	+6.89	65	106.8	54	99.9	71	+3.31	72
18	Arkansas 4	SEC	28-9	+19.46	109.9	53	90.4	11	70.7	28	+.038	99	+9.08	27	107.5	33	98.4	28	-2.78	245
19	Virginia Tech 11	ACC	23-13	+18.86	115.0	17	96.1	54	63.3	340	-.062	310	+7.88	50	107.4	37	99.5	59	-0.53	174
20	Illinois 4	B10	23-10	+18.75	112.0	30	93.3	29	67.2	179	+.033	110	+10.44	17	109.0	7	98.6	34	+1.39	123
21	LSU 6	SEC	22-12	+18.65	107.3	89	88.7	6	68.6	101	-.052	298	+9.10	26	107.2	44	98.1	21	-1.21	191
22	Connecticut 5	BE	23-10	+18.55	113.8	22	95.3	43	64.8	300	-.038	269	+7.39	59	105.7	77	98.3	24	-3.58	262
23	San Francisco 10	WCC	24-10	+17.38	110.5	44	93.1	26	68.9	82	-.042	277	+5.18	80	105.5	82	100.3	87	+2.23	97
24	Memphis 9	Amer	22-11	+17.23	111.2	38	94.0	33	69.9	49	-.028	242	+7.43	57	106.4	59	99.0	46	+4.46	45
25	San Diego St. 8	MWC	23-9	+17.07	103.4	167	86.3	2	65.4	268	-.003	182	+5.95	74	105.5	78	99.6	60	+2.56	93
26	TCU 9	B12	21-13	+17.02	108.7	74	91.7	15	65.9	246	+.014	144	+11.74	6	108.0	21	96.2	5	-5.00	298
27	Michigan 11	B10	19-15	+16.61	113.9	21	97.2	74	66.7	203	-.019	217	+12.15	4	109.8	1	97.7	18	+6.27	27
28	Alabama 6	SEC	19-14	+16.57	115.2	16	98.6	92	71.9	11	-.022	229	+12.58	2	109.4	2	96.9	10	+10.15	10
29	Loyola Chicago 10	MVC	25-8	+16.52	108.6	75	92.1	18	64.7	308	+.012	149	+3.12	105	104.7	98	101.6	113	+3.15	79
30	Oklahoma 1	B12	19-16	+16.48	111.0	40	94.6	38	65.1	287	-.054	302	+11.73	7	107.5	31	95.8	3	-2.04	222
31	Ohio St. 7	B10	20-12	+16.24	115.5	13	99.3	111	65.0	289	-.017	213	+9.83	20	108.3	13	98.4	30	+2.31	96
32	Providence 4	BE	27-6	+15.89	111.5	36	95.6	44	65.2	276	+.164	1	+7.74	53	106.7	55	99.0	45	+0.26	152
33	Texas A&M 1	SEC	27-13	+15.69	109.1	66	93.4	30	66.7	202	-.010	197	+7.33	60	106.2	67	98.8	43	-5.58	308
34	Oklahoma St.	B12	15-15	+15.60	103.8	161	88.2	4	67.6	142	-.074	327	+11.80	5	108.2	14	96.4	6	+0.26	151
35	Wake Forest	ACC	25-10	+15.56	110.7	41	95.1	42	70.6	30	-.001	175	+4.30	92	106.3	62	102.0	117	-9.39	350
36	Murray St. 7	OVC	31-3	+15.42	111.5	34	96.1	52	66.1	241	+.074	43	-3.09	218	101.1	227	104.2	212	+4.29	47
37	Wisconsin 3	B10	25-8	+15.34	109.3	62	94.0	34	66.5	215	+.105	15	+9.77	21	108.4	12	98.6	37	+2.91	85
38	Notre Dame 11	ACC	24-11	+15.25	112.4	28	97.2	69	65.6	258	+.017	141	+7.81	52	107.1	48	99.3	53	+2.70	90
39	Boise St. 8	MWC	27-8	+15.14	107.5	86	92.4	20	64.4	318	+.029	116	+5.47	79	104.8	95	99.3	54	+0.55	141
40	Davidson 10	A10	27-7	+14.85	116.8	11	101.9	155	64.7	307	-.020	221	+1.72	115	102.7	164	100.9	104	-1.98	219
41	Miami FL 10	ACC	26-11	+14.80	113.9	19	99.1	107	67.7	134	+.088	27	+8.63	35	107.5	35	98.8	42	+0.38	144
42	Michigan St. 7	B10	23-13	+14.76	111.9	31	97.1	67	67.5	147	+.052	69	+10.93	14	109.4	4	98.5	32	+3.91	56
43	Iowa St. 11	B12	22-13	+14.63	103.1	171	88.5	5	66.3	226	+.049	74	+11.25	11	108.1	16	96.9	11	-6.84	327
44	Washington St.	P12	22-15	+14.46	107.7	82	93.3	28	66.3	224	-.084	338	+5.09	82	105.7	76	100.6	99	-3.37	257
45	Dayton 1	A10	24-11	+14.46	109.1	68	94.6	39	63.1	344	-.039	270	+2.07	112	103.7	127	101.6	114	-1.86	215
46	Colorado St. 6	MWC	25-6	+14.45	112.9	24	98.4	89	65.4	270	+.121	6	+5.02	84	104.9	88	99.9	72	-2.32	230
47	USC 7	P12	26-8	+14.14	109.8	54	95.6	45	66.2	231	+.060	57	+5.14	81	104.8	90	99.7	67	-4.72	292
48	Indiana 12	B10	21-14	+14.04	107.0	95	92.9	24	67.2	175	-.020	223	+8.51	38	108.1	17	99.6	64	-6.23	319
49	Mississippi St.	SEC	18-16	+13.86	109.7	56	95.8	46	65.6	259	-.087	341	+7.96	47	106.3	61	98.3	25	-1.63	202
50	Creighton 9	BE	23-12	+13.78	105.9	112	92.2	19	67.2	178	+.086	28	+9.11	25	107.5	34	98.4	27	-0.67	178
51	UAB 12	CUSA	27-8	+13.67	112.4	27	98.8	99	68.9	79	-.035	256	-0.77	159	102.0	189	102.8	147	-2.46	234
52	Seton Hall 8	BE	21-11	+13.61	107.1	91	93.5	31	67.3	167	+.033	111	+8.91	29	107.5	32	98.6	36	+0.99	130
53	Xavier	BE	23-13	+13.36	111.2	37	97.8	82	68.6	100	+.010	152	+7.92	48	106.4	60	98.4	31	+0.98	131
54	Vermont 13	AE	28-6	+13.20	111.1	39	97.9	83	64.9	292	-.028	241	-7.00	319	99.0	323	106.0	293	+1.92	107
55	St. John's	BE	17-15	+13.07	110.3	46	97.2	72	73.6	1	-.101	346	+6.71	68	105.8	72	99.1	48	-7.17	333
56	Marquette 9	BE	19-13	+13.06	109.2	64	96.2	55	70.9	25	+.021	137	+9.50	23	107.3	40	97.8	20	+4.04	51
57	North Texas	CUSA	25-7	+12.98	105.8	116	92.8	22	59.3	358	+.001	170	+0.26	136	103.8	122	103.5	180	+4.85	41
58	BYU	WCC	24-11	+12.94	110.1	50	97.2	70	68.0	118	+.026	120	+5.01	85	105.0	86	100.0	73	+5.74	31
59	Florida	SEC	20-14	+12.67	110.2	47	97.6	77	65.4	267	-.018	215	+7.60	54	106.0	68	98.4	29	-2.33	231
60	Utah St.	MWC	18-16	+12.63	109.8	55	97.1	68	66.8	200	-.133	358	+4.59	91	104.8	92	100.2	83	+3.30	73
61	Kansas St.	B12	14-17	+12.60	109.6	57	97.0	66	66.6	213	-.092	344	+11.66	8	107.3	41	95.7	2	-4.37	282
62	SMU 1	Amer	24-9	+12.59	108.9	70	96.3	57	68.4	107	+.048	76	+3.12	104	104.1	115	101.0	106	-2.73	243
63	VCU	A10	22-10	+12.31	101.1	209	88.8	7	68.6	95	+.059	61	+5.66	77	106.2	65	100.5	92	+5.47	35
64	Vanderbilt	SEC	19-17	+12.27	107.2	90	94.9	40	67.8	130	-.053	300	+8.58	36	107.1	46	98.5	33	-0.82	182
65	Wyoming 12	MWC	25-9	+11.94	109.1	67	97.2	71	66.1	239	+.056	65	+4.10	97	104.7	97	100.6	100	-1.05	186
66	West Virginia	B12	16-17	+11.76	108.3	77	96.6	63	68.0	122	-.001	177	+12.52	3	108.4	11	95.9	4	-0.37	168
67	Chattanooga 13	SC	27-8	+11.51	109.0	69	97.5	76	64.7	304	+.007	158	+0.46	131	105.1	85	104.7	240	+1.74	111
68	Saint Louis	A10	23-12	+11.45	109.3	63	97.8	81	67.9	124	-.021	224	+3.38	102	104.8	93	101.4	110	+2.33	95
69	Syracuse	ACC	16-17	+11.45	115.4	15	104.0	207	67.6	144	-.065	316	+8.15	43	107.4	38	99.3	50	+3.25	75
70	Missouri St.	MVC	23-11	+11.40	113.2	23	101.7	151	67.1	181	-.040	273	+0.77	127	103.8	123	103.0	159	-3.01	249
71	Clemson	ACC	17-16	+11.36	110.1	49	98.8	101	66.3	227	-.083	335	+6.77	66	107.0	51	100.2	86	-0.41	169
72	Virginia	ACC	21-14	+11.23	107.6	85	96.4	59	59.5	357	+.025	125	+7.03	62	107.3	42	100.2	84	-4.06	275
73	Fresno St.	MWC	23-13	+11.14	105.5	126	94.4	37	61.8	355	-.052	299	+1.32	118	103.1	149	101.8	116	-4.07	276
74	Furman	SC	22-12	+11.02	113.9	20	102.9	174	64.8	297	-.072	326	-0.23	145	104.0	116	104.3	221	+1.26	127
75	Towson	CAA	25-9	+10.91	109.6	58	98.7	96	64.8	302	-.015	208	-1.99	190	101.7	204	103.7	187	-1.67	205
76	Santa Clara	WCC	21-12	+10.83	111.8	32	101.0	132	70.8	26	-.014	206	+2.35	109	103.0	156	100.6	98	-1.82	212
77	Rutgers 11	B10	18-14	+10.82	106.9	96	96.1	53	64.9	295	+.001	172	+7.92	49	108.1	18	100.2	81	-10.43	354
78	St. Bonaventure	A10	23-10	+10.71	109.2	65	98.5	91	65.7	254	+.100	18	+4.94	87	104.8	94	99.8	68	+1.64	114
79	Colorado	P12	21-12	+10.64	106.5	108	95.9	48	67.4	160	+.041	89	+5.01	86	105.5	79	100.5	93	-7.62	339
80	New Mexico St. 12	WAC	27-7	+10.61	107.1	92	96.5	61	66.1	238	+.085	30	+1.21	122	102.5	172	101.3	109	+3.48	71
81	South Dakota St. 13	Sum	30-5	+10.58	115.4	14	104.8	217	69.4	61	+.054	67	-4.16	249	102.9	158	107.1	332	+3.60	66
82	Oregon	P12	20-15	+10.33	110.0	52	99.6	115	67.9	123	+.014	146	+7.47	56	106.3	63	98.8	40	+3.17	78
83	Maryland	B10	15-17	+10.06	109.4	61	99.3	112	66.6	211	-.035	259	+9.02	28	108.5	10	99.5	57	-0.52	173
84	Drake	MVC	25-11	+9.48	108.8	73	99.3	113	66.2	228	-.006	192	+0.69	129	103.7	126	103.0	156	-4.51	284
85	Richmond 12	A10	24-13	+9.45	108.1	79	98.7	94	66.8	197	+.061	55	+5.07	83	105.5	80	100.5	90	+2.42	94
86	Belmont	OVC	25-8	+9.43	108.5	76	99.0	104	68.9	80	+.066	51	-1.97	189	101.5	214	103.5	173	+5.30	38
87	Northwestern	B10	15-16	+9.38	106.6	101	97.2	73	67.7	137	-.077	331	+7.86	51	107.8	22	100.0	74	-11.01	357
88	Penn St.	B10	14-17	+9.31	105.3	131	96.0	50	62.0	354	-.037	263	+9.40	24	109.4	3	100.0	76	-2.83	247
89	Iona	MAAC	25-8	+8.95	108.0	80	99.0	105	69.2	71	-.006	191	-0.97	164	101.7	203	102.7	144	+3.66	65
90	UNLV	MWC	18-14	+8.79	107.5	87	98.7	97	66.2	230	-.020	218	+4.22	94	104.1	113	99.9	70	+1.18	128
91	Northern Iowa	MVC	20-12	+8.45	110.6	43	102.2	162	67.3	170	+.040	91	+4.16	95	104.7	96	100.6	96	+4.37	46
92	Middle Tennessee	CUSA	26-11	+8.22	106.6	103	98.4	88	67.1	186	-.014	205	-1.41	176	102.5	171	103.9	205	-1.24	192
93	Grand Canyon	WAC	23-8	+8.11	104.7	143	96.5	62	65.5	265	+.009	154	-3.55	232	99.7	303	103.3	169	-7.00	331
94	Wichita St.	Amer	15-13	+8.11	104.0	159	95.9	47	66.9	193	-.037	267	+4.61	90	104.6	100	100.0	75	+1.68	113
95	Toledo	MAC	26-8	+8.04	110.2	48	102.1	160	68.8	86	+.039	94	-3.93	242	101.9	197	105.8	282	+2.05	104
96	Bradley	MVC	17-14	+7.99	104.8	141	96.8	64	67.2	176	-.090	343	+1.21	120	103.7	128	102.5	131	-2.27	228
97	Arizona St.	P12	14-17	+7.94	101.2	207	93.2	27	67.3	168	+.005	162	+9.71	22	107.4	39	97.7	17	+8.35	18
98	Tulane	Amer	14-15	+7.79	108.8	71	101.0	134	68.0	120	-.067	321	+4.65	89	104.2	110	99.6	61	-2.00	220
99	South Carolina	SEC	18-13	+7.53	101.5	201	93.9	32	70.5	33	+.105	16	+8.85	32	107.7	28	98.8	41	-0.24	164
100	Louisiana Tech	CUSA	24-10	+7.30	105.6	123	98.3	85	68.5	102	+.025	123	-0.51	153	102.9	159	103.4	171	+0.48	142
101	Cincinnati	Amer	18-15	+7.24	104.6	145	97.3	75	67.6	143	-.051	295	+2.81	106	103.3	137	100.5	94	-5.61	309
102	Saint Peter's 15	MAAC	22-12	+7.24	100.3	231	93.0	25	65.9	247	+.018	139	+0.25	137	103.1	150	102.8	149	+3.97	52
103	DePaul	BE	15-16	+6.74	106.9	97	100.2	122	68.8	91	-.025	237	+6.63	69	105.9	69	99.3	55	-7.91	340
104	UCF	Amer	18-12	+6.27	106.6	104	100.3	126	67.4	154	+.054	68	+3.68	100	103.4	135	99.7	65	-3.64	264
105	Florida St.	ACC	17-14	+6.20	105.3	130	99.1	106	67.8	129	+.075	38	+7.96	46	109.1	5	101.1	108	+0.04	155
106	Stanford	P12	16-16	+6.09	105.2	132	99.1	109	65.8	252	+.075	40	+8.67	34	106.8	53	98.2	23	+1.52	120
107	Princeton	Ivy	23-7	+6.03	112.3	29	106.3	250	66.9	195	+.040	93	-4.04	244	100.9	236	105.0	250	-4.95	297
108	Mississippi	SEC	13-19	+6.02	105.7	119	99.7	117	65.2	278	-.070	322	+7.43	58	106.2	66	98.8	39	-1.80	211
109	Minnesota	B10	13-17	+5.18	107.1	93	101.9	153	65.1	285	+.006	159	+8.87	31	107.8	25	98.9	44	-3.69	266
110	Washington	P12	17-15	+5.17	104.1	158	98.9	103	69.5	59	+.078	34	+5.82	76	105.9	71	100.1	77	-2.30	229
111	Wofford	SC	19-13	+5.03	106.5	109	101.5	146	64.2	325	-.031	248	-0.29	148	104.4	108	104.7	239	-0.30	166
112	Western Kentucky	CUSA	19-13	+4.90	106.6	105	101.7	150	68.6	96	-.033	252	-1.24	173	102.3	180	103.5	176	-1.29	198
113	George Mason	A10	14-16	+4.84	105.9	115	101.1	135	64.8	298	-.108	348	+1.81	114	103.9	119	102.1	121	-1.26	194
114	Boston College	ACC	13-20	+4.55	104.5	146	100.0	120	64.9	294	-.080	334	+5.61	78	105.7	75	100.1	80	-6.99	330
115	Nevada	MWC	13-18	+4.55	106.6	107	102.0	156	70.2	41	-.035	258	+6.90	64	106.2	64	99.3	56	+4.11	50
116	Temple	Amer	17-12	+4.48	102.1	194	97.7	78	66.3	223	+.083	31	+3.71	99	103.9	118	100.2	85	-1.69	208
117	Colgate 14	Pat	23-12	+4.41	108.2	78	103.8	201	67.2	177	-.076	329	-7.40	327	99.3	317	106.7	316	+2.10	101
118	Morehead St.	OVC	23-11	+4.35	103.4	165	99.1	108	64.8	301	+.024	126	-3.08	217	100.7	248	103.8	195	+3.68	63
119	Utah Valley	WAC	20-12	+4.33	102.7	184	98.3	87	65.8	250	-.011	202	-1.13	169	101.5	215	102.6	139	+2.18	99
120	Hofstra	CAA	21-11	+3.97	108.8	72	104.9	218	69.0	77	+.060	59	+0.21	139	103.9	117	103.7	190	+5.38	36
121	Butler	BE	14-19	+3.89	102.6	187	98.7	95	63.9	334	+.008	156	+10.49	16	108.2	15	97.7	16	+2.00	106
122	Utah	P12	11-20	+3.86	107.3	88	103.5	189	66.2	235	-.121	356	+6.09	72	105.4	83	99.3	52	-1.26	195
123	Stephen F. Austin	WAC	22-10	+3.84	102.3	191	98.4	90	69.1	72	+.030	115	-1.88	187	101.9	194	103.8	198	+3.09	80
124	Liberty	ASun	22-11	+3.83	104.9	138	101.1	139	65.3	273	-.034	254	-5.08	269	100.7	250	105.8	281	-0.64	176
125	Southern Illinois	MVC	16-15	+3.70	102.5	189	98.8	100	62.1	351	-.071	323	+0.21	138	102.9	157	102.7	145	-5.76	311
126	Akron 13	MAC	24-10	+3.62	105.6	121	102.0	158	62.1	352	+.013	147	-5.13	270	100.7	255	105.8	280	-4.48	283
127	Louisville	ACC	13-19	+3.59	103.0	173	99.4	114	67.0	188	+.001	171	+7.52	55	107.6	29	100.1	78	+1.52	119
128	N.C. State	ACC	11-21	+3.55	109.6	59	106.0	246	66.9	192	-.076	330	+6.72	67	107.0	49	100.3	88	-3.18	253
129	Florida Atlantic	CUSA	19-15	+3.49	105.4	129	101.9	154	67.5	152	-.108	349	-3.06	216	101.6	207	104.7	237	-6.79	325
130	Buffalo	MAC	19-11	+3.39	106.9	98	103.5	192	71.0	20	-.033	251	-3.45	230	101.8	201	105.2	257	+5.36	37
131	Abilene Christian	WAC	25-11	+3.38	104.1	157	100.7	128	70.3	37	+.040	92	-2.21	197	100.6	263	102.8	148	-2.82	246
132	Rhode Island	A10	15-16	+3.27	99.3	249	96.0	51	67.3	171	-.089	342	+0.76	128	103.8	124	103.0	158	-3.07	251
133	UC Irvine	BW	15-10	+3.13	99.4	247	96.3	56	65.2	279	-.005	188	-0.24	146	102.1	186	102.4	128	+6.25	28
134	Ohio	MAC	25-10	+3.12	104.2	151	101.1	137	67.6	145	+.034	107	-5.85	289	100.8	242	106.7	314	-4.56	287
135	UC Santa Barbara	BW	17-11	+3.10	105.1	133	102.0	159	65.6	261	-.084	336	-5.62	284	99.2	320	104.8	247	-10.82	356
136	Texas St.	SB	21-8	+3.08	105.7	120	102.7	171	63.8	335	+.114	9	-3.17	221	100.7	253	103.8	200	-1.68	206
137	Missouri	SEC	12-21	+3.01	104.1	153	101.1	138	65.6	260	-.020	219	+10.34	18	107.1	47	96.7	8	+2.07	103
138	Montana St. 14	BSky	27-8	+2.94	104.3	150	101.4	143	67.5	153	+.085	29	-6.02	294	101.6	208	107.6	345	-1.34	199
139	Seattle	WAC	23-9	+2.92	99.9	240	96.9	65	70.5	32	+.043	85	-5.77	287	100.0	288	105.8	278	-9.96	352
140	Nebraska	B10	10-22	+2.83	105.8	117	102.9	178	71.2	19	-.057	306	+8.56	37	107.8	23	99.3	51	-3.49	259
141	Delaware 15	CAA	22-13	+2.64	107.0	94	104.3	213	66.7	204	+.038	101	-1.57	181	102.3	179	103.8	199	-3.75	268
142	California	P12	12-20	+2.38	100.5	222	98.2	84	64.1	330	-.048	291	+6.07	73	105.8	73	99.7	66	-2.67	239
143	Sam Houston St.	WAC	19-14	+2.31	100.6	221	98.3	86	64.8	299	-.004	184	-1.07	167	101.6	206	102.7	141	+3.30	74
144	Charleston	CAA	17-15	+2.27	104.7	142	102.4	163	73.5	2	-.035	257	-0.75	158	103.0	153	103.8	193	+1.38	124
145	Longwood 14	BSth	26-7	+2.22	105.9	114	103.7	199	66.1	236	+.115	7	-7.31	326	98.7	334	106.0	292	-7.20	334
146	UNC Wilmington	CAA	27-9	+2.04	105.1	135	103.1	183	65.5	263	+.155	3	-2.36	202	102.3	177	104.7	238	-5.48	306
147	Yale 14	Ivy	19-12	+1.98	100.7	218	98.8	98	68.8	88	+.063	53	-1.48	180	103.3	139	104.8	246	+0.65	137
148	Jacksonville St. 15	ASun	21-11	+1.97	105.1	134	103.2	184	65.1	283	-.005	189	-4.68	261	100.6	256	105.3	261	-0.23	161
149	Wagner	NEC	21-6	+1.67	101.9	196	100.3	123	66.5	217	+.081	33	-9.40	355	97.7	353	107.1	330	+1.43	122
150	Georgia St. 16	SB	18-11	+1.60	101.5	202	99.9	119	67.3	169	+.062	54	-0.97	163	101.2	223	102.1	123	+2.05	105
151	Kent St.	MAC	23-11	+1.58	101.6	198	100.0	121	66.0	243	+.056	66	-3.56	234	102.4	175	105.9	291	+0.30	147
152	North Dakota St.	Sum	23-10	+1.54	102.9	174	101.4	144	66.4	221	+.101	17	-5.42	278	102.8	162	108.2	353	-1.84	214
153	Drexel	CAA	15-14	+1.52	104.5	147	102.9	176	66.4	220	-.063	312	-1.07	168	103.4	136	104.4	229	+0.97	132
154	Cal St. Fullerton 15	BW	21-11	+1.47	104.1	152	102.7	173	66.1	242	+.047	77	-2.99	214	100.5	267	103.5	174	-3.84	270
155	Coastal Carolina	SB	19-14	+1.30	102.6	186	101.3	142	67.0	191	-.078	332	-2.90	212	100.6	258	103.5	177	+1.52	118
156	Georgia Tech	ACC	12-20	+1.20	100.4	225	99.2	110	68.0	117	-.021	227	+6.42	71	107.0	50	100.6	97	-6.33	320
157	South Alabama	SB	21-12	+1.18	102.8	179	101.6	149	66.5	219	-.040	272	-4.21	251	99.8	298	104.0	209	-1.69	207
158	Monmouth	MAAC	21-13	+1.12	102.6	188	101.4	145	66.2	234	+.076	37	-0.59	155	102.0	188	102.6	135	+3.83	60
159	Winthrop	BSth	23-9	+0.89	105.9	113	105.0	222	68.3	109	+.115	8	-2.94	213	100.8	246	103.7	188	+6.22	29
160	Long Beach St.	BW	20-13	+0.77	103.3	169	102.6	166	70.9	23	+.109	14	-0.00	141	102.5	173	102.5	132	+6.47	24
161	New Mexico	MWC	13-19	+0.73	106.6	106	105.9	243	70.9	22	-.040	274	+4.72	88	104.8	91	100.1	79	+1.60	115
162	Southern Utah	BSky	23-12	+0.61	106.7	99	106.1	249	68.5	104	+.051	71	-5.25	273	100.3	275	105.6	269	+1.55	116
163	Saint Joseph's	A10	11-19	+0.60	100.4	226	99.8	118	68.0	121	-.085	339	+1.85	113	103.3	138	101.5	111	-1.92	217
164	Jacksonville	ASun	21-10	+0.49	100.2	233	99.7	116	61.5	356	+.047	78	-5.37	276	101.6	209	107.0	324	-3.25	256
165	Oral Roberts	Sum	19-12	+0.34	109.5	60	109.1	290	70.3	36	-.027	239	-4.80	262	102.6	168	107.4	338	+2.98	82
166	Appalachian St.	SB	19-15	+0.26	101.0	211	100.8	129	64.5	317	+.015	142	-1.01	166	102.6	169	103.6	181	+7.01	21
167	Gardner Webb	BSth	18-13	+0.22	96.6	293	96.4	58	67.4	155	-.029	244	-4.14	247	101.5	213	105.6	272	+2.79	88
168	UTEP	CUSA	20-14	+0.17	100.7	219	100.5	127	66.6	209	+.039	95	-1.69	183	102.1	185	103.8	197	-1.74	209
169	Hawaii	BW	17-11	+0.06	101.6	199	101.5	148	65.2	280	-.010	198	-4.44	255	99.8	296	104.3	223	-5.40	302
170	VMI	SC	16-16	-0.18	110.3	45	110.5	316	68.9	78	-.032	250	-0.28	147	103.7	129	103.9	206	-1.07	187
171	Tulsa	Amer	11-20	-0.27	103.6	163	103.9	206	66.5	214	-.066	318	+2.79	107	103.5	131	100.7	101	-6.08	318
172	Wright St. 16	Horz	22-14	-0.28	106.3	110	106.6	253	68.9	85	+.003	165	-6.76	316	100.2	280	107.0	326	-0.23	162
173	Fordham	A10	16-16	-0.43	94.7	321	95.1	41	67.6	139	+.017	140	-0.61	156	103.7	125	104.3	225	-7.43	336
174	Weber St.	BSky	21-12	-0.48	103.3	170	103.8	204	69.5	60	+.023	129	-6.01	292	101.0	232	107.0	325	-0.42	170
175	Georgetown	BE	6-25	-0.48	104.9	140	105.4	228	70.1	43	-.110	351	+8.39	40	106.5	56	98.1	22	-1.94	218
176	Norfolk St. 16	MEAC	24-7	-0.49	102.1	195	102.6	167	66.8	198	+.128	5	-10.02	357	95.5	358	105.5	267	-4.18	279
177	UC Riverside	BW	16-12	-0.58	100.3	228	100.9	131	65.3	271	+.004	164	-2.74	207	99.9	295	102.6	136	+2.89	86
178	UNC Greensboro	SC	17-15	-0.66	100.5	223	101.2	140	62.2	349	+.037	104	-1.42	177	104.4	106	105.8	283	-3.24	255
179	East Carolina	Amer	15-15	-0.86	102.7	183	103.5	191	67.7	138	+.074	41	+1.11	123	102.2	181	101.1	107	-8.14	342
180	Portland	WCC	19-15	-0.89	102.7	182	103.6	196	69.1	74	+.045	80	-1.91	188	102.0	193	103.9	201	-6.58	322
181	Arkansas St.	SB	18-11	-1.12	99.9	238	101.0	133	68.3	110	+.065	52	-3.35	229	100.8	245	104.2	211	-5.87	315
182	Samford	SC	21-11	-1.12	105.0	136	106.1	247	69.1	75	+.162	2	-0.91	160	104.3	109	105.2	256	-3.97	272
183	Louisiana	SB	16-15	-1.15	101.5	200	102.6	169	69.6	56	-.022	230	-2.63	205	100.4	274	103.0	155	-2.11	224
184	Navy	Pat	21-11	-1.19	95.3	310	96.5	60	64.7	306	+.037	103	-6.87	318	100.3	277	107.1	335	+3.83	59
185	Massachusetts	A10	15-17	-1.22	111.8	33	113.0	342	69.1	76	+.052	70	+1.21	121	102.0	190	100.8	102	-2.64	237
186	East Tennessee St.	SC	15-17	-1.25	107.7	83	108.9	286	65.3	272	+.021	138	+1.07	124	105.2	84	104.1	210	+4.22	48
187	Texas Southern 16	SWAC	19-13	-1.28	97.6	274	98.9	102	68.2	113	+.022	131	-6.25	305	98.7	333	105.0	249	+10.00	11
188	Oakland	Horz	20-12	-1.31	102.9	175	104.2	211	67.4	158	+.022	132	-4.65	259	101.4	217	106.0	295	+8.53	16
189	Bryant 16	NEC	22-10	-1.32	103.8	160	105.1	223	72.6	4	+.112	11	-8.47	346	98.0	345	106.5	307	+0.01	156
190	Niagara	MAAC	14-16	-1.47	100.3	229	101.8	152	64.3	322	-.044	282	-2.23	200	101.5	211	103.8	191	-1.26	193
191	Illinois St.	MVC	13-20	-1.50	105.0	137	106.5	251	68.0	119	-.103	347	+0.42	133	103.2	147	102.7	146	-5.48	305
192	Troy	SB	20-12	-1.59	98.7	258	100.3	124	67.0	190	+.082	32	-2.84	208	101.1	226	103.9	204	-4.27	281
193	Cornell	Ivy	15-11	-1.62	103.4	166	105.0	221	71.7	16	+.041	87	-2.86	209	102.0	191	104.8	248	-1.64	203
194	Old Dominion	CUSA	13-19	-1.69	100.9	213	102.6	168	64.3	321	-.078	333	-0.35	150	102.9	160	103.2	165	-1.07	188
195	Pittsburgh	ACC	11-21	-1.76	99.7	243	101.5	147	64.0	332	+.050	73	+7.00	63	107.5	30	100.5	91	+0.30	148
196	Mercer	SC	16-17	-1.81	105.6	122	107.4	268	64.7	309	+.023	128	+0.38	134	104.9	89	104.5	234	+1.46	121
197	Cleveland St.	Horz	20-11	-1.98	103.3	168	105.3	227	67.8	127	-.015	207	-7.97	340	99.2	321	107.1	334	+0.26	150
198	Northern Kentucky	Horz	20-12	-2.09	100.9	214	103.0	180	64.1	327	-.004	185	-7.97	339	99.6	311	107.6	343	-4.51	285
199	Dartmouth	Ivy	9-16	-2.43	98.6	259	101.1	136	64.7	310	-.122	357	-1.28	174	103.2	144	104.5	232	+2.63	92
200	Bellarmine	ASun	20-13	-2.48	107.9	81	110.4	312	62.0	353	+.113	10	-1.46	178	103.2	143	104.7	242	+12.84	4
201	Charlotte	CUSA	17-14	-2.52	104.9	139	107.4	267	65.5	266	+.095	24	-1.24	172	102.4	174	103.7	185	-0.27	165
202	Valparaiso	MVC	14-18	-2.63	102.7	181	105.4	229	65.1	288	-.024	235	+0.32	135	103.2	141	102.9	154	-5.49	307
203	Loyola Marymount	WCC	11-18	-2.71	105.8	118	108.5	280	65.9	249	-.003	183	+3.53	101	104.5	104	100.9	105	+1.89	108
204	Brown	Ivy	13-16	-2.75	100.3	230	103.0	182	67.3	165	-.047	288	-0.92	162	103.0	154	103.9	203	+2.98	83
205	Nicholls St.	Slnd	21-12	-2.79	100.8	216	103.6	197	69.8	51	+.021	135	-7.59	332	100.0	287	107.6	344	+0.37	145
206	Fairfield	MAAC	15-18	-2.85	100.6	220	103.5	190	64.3	323	-.072	325	-3.75	236	100.5	266	104.3	220	-7.06	332
207	Marist	MAAC	14-16	-2.88	100.8	215	103.7	200	66.2	233	-.048	292	-4.13	246	100.5	270	104.6	236	-7.54	338
208	Florida Gulf Coast	ASun	22-12	-2.96	104.4	148	107.4	266	70.2	40	+.072	45	-6.07	297	100.2	282	106.2	298	-5.85	314
209	UNC Asheville	BSth	17-15	-2.97	102.3	190	105.3	226	66.8	199	-.036	260	-5.35	274	100.3	278	105.6	271	-0.46	171
210	South Dakota	Sum	19-12	-3.05	104.4	149	107.5	269	65.7	256	+.058	63	-6.18	301	102.6	165	108.8	357	-5.83	313
211	Penn	Ivy	12-16	-3.34	106.2	111	109.5	295	67.6	140	+.031	114	+0.98	125	103.4	133	102.4	129	+6.82	22
212	Tarleton St.	WAC	14-17	-3.39	99.6	245	103.0	179	63.1	343	-.037	266	-0.48	152	101.8	199	102.3	126	+8.55	15
213	Campbell	BSth	16-13	-3.46	100.7	217	104.2	210	62.4	345	-.046	286	-5.83	288	98.7	332	104.5	235	-1.02	185
214	UMKC	Sum	19-12	-3.55	100.0	235	103.5	193	67.4	162	+.058	64	-5.04	268	103.2	145	108.2	352	+0.78	134
215	Southern	SWAC	17-14	-3.63	96.7	290	100.3	125	69.9	47	-.032	249	-6.16	299	98.9	326	105.1	252	+6.03	30
216	Northern Colorado	BSky	22-16	-3.82	107.7	84	111.5	329	69.6	57	+.100	19	-3.84	241	101.5	212	105.4	264	+7.40	20
217	Eastern Washington	BSky	18-16	-3.86	104.1	156	107.9	278	69.7	52	-.000	173	-5.21	272	101.1	225	106.3	300	+3.05	81
218	Boston University	Pat	22-13	-3.99	105.4	128	109.4	294	65.1	286	+.043	84	-7.88	338	97.8	351	105.7	273	-4.55	286
219	Georgia	SEC	6-26	-3.99	106.7	100	110.6	318	68.6	99	-.024	232	+8.00	45	105.7	74	97.7	19	-2.35	232
220	Rice	CUSA	16-17	-4.15	105.6	125	109.7	299	67.5	148	+.010	151	-2.32	201	101.0	228	103.3	170	-7.26	335
221	UC Davis	BW	13-11	-4.24	97.9	268	102.1	161	67.1	183	+.014	145	-6.01	291	99.6	309	105.7	275	-6.92	328
222	UT Arlington	SB	11-18	-4.28	97.7	272	102.0	157	65.2	281	-.027	238	+0.64	130	102.3	178	101.6	115	+10.44	8
223	Kennesaw St.	ASun	13-18	-4.32	104.7	144	109.0	288	66.2	232	-.116	353	-2.13	193	102.2	183	104.3	224	+6.36	25
224	Rider	MAAC	14-19	-4.40	99.2	251	103.6	194	66.9	194	-.010	200	-2.73	206	101.0	233	103.7	186	-4.83	296
225	Cal Baptist	WAC	18-16	-4.41	98.8	256	103.2	186	67.4	156	-.008	195	-5.02	267	99.7	306	104.7	243	-9.44	351
226	George Washington	A10	12-18	-4.46	99.3	248	103.8	203	68.9	83	+.043	83	+0.45	132	103.0	155	102.5	133	-3.98	273
227	James Madison	CAA	15-14	-4.66	102.6	185	107.3	264	68.8	87	+.076	36	-0.97	165	102.8	161	103.8	194	-0.08	158
228	Harvard	Ivy	13-13	-4.68	97.8	270	102.4	164	67.2	180	-.045	284	-4.11	245	101.2	221	105.3	262	-4.77	294
229	La Salle	A10	11-19	-4.68	98.9	254	103.6	195	67.2	173	-.005	190	+0.14	140	103.0	151	102.9	152	-10.37	353
230	Indiana St.	MVC	11-20	-4.78	98.3	264	103.0	181	69.2	69	-.066	319	+2.52	108	104.5	103	102.0	118	-0.13	159
231	Quinnipiac	MAAC	14-17	-4.96	102.9	176	107.9	277	68.8	90	-.029	246	-3.77	237	99.7	302	103.5	178	-10.82	355
232	San Diego	WCC	15-16	-5.01	96.3	298	101.3	141	65.6	262	+.090	26	+0.96	126	103.2	142	102.3	124	-3.22	254
233	Oregon St.	P12	3-28	-5.36	105.4	127	110.8	320	66.6	210	-.108	350	+8.12	44	106.5	57	98.3	26	+1.69	112
234	Howard	MEAC	16-13	-5.45	100.3	232	105.7	238	70.4	35	-.058	307	-8.66	350	96.1	357	104.7	244	-2.37	233
235	LIU	NEC	16-14	-5.51	99.7	244	105.2	225	72.4	6	+.033	109	-6.86	317	98.8	330	105.7	274	+7.68	19
236	Detroit Mercy	Horz	14-16	-5.57	105.6	124	111.2	325	64.9	296	-.019	216	-4.37	253	100.9	238	105.3	259	+3.93	55
237	Purdue Fort Wayne	Horz	21-12	-5.67	98.6	260	104.3	212	68.4	106	+.077	35	-8.26	343	99.8	299	108.1	350	-7.49	337
238	Marshall	CUSA	12-21	-5.74	101.2	205	106.9	258	72.3	7	-.017	212	-0.07	142	103.1	148	103.2	163	-0.77	179
239	Siena	MAAC	15-14	-5.77	98.1	266	103.9	205	66.3	225	+.111	12	-3.03	215	101.0	231	104.0	208	-4.61	289
240	UMBC	AE	18-14	-6.01	103.8	162	109.8	301	68.3	108	+.044	81	-7.19	323	99.8	297	107.0	328	-2.66	238
241	The Citadel	SC	13-18	-6.04	101.2	208	107.2	263	70.5	34	+.011	150	-0.69	157	104.4	105	105.1	255	-5.12	299
242	High Point	BSth	14-18	-6.16	98.4	262	104.5	215	66.5	216	-.025	236	-3.83	239	100.7	252	104.5	233	+3.96	53
243	New Hampshire	AE	15-13	-6.32	103.0	172	109.4	293	62.3	348	-.022	228	-8.32	344	98.6	337	106.9	321	-2.53	235
244	Southeast Missouri St.	OVC	14-18	-6.41	104.1	154	110.5	315	71.8	14	-.036	262	-4.49	257	99.8	301	104.2	219	-3.79	269
245	Texas A&M Corpus Chris 16	Slnd	23-12	-6.55	96.6	291	103.2	185	69.4	63	+.028	119	-10.92	358	98.3	341	109.2	358	-9.14	349
246	Mount St. Mary's	NEC	14-16	-6.56	96.1	301	102.6	170	63.3	341	-.036	261	-7.30	325	99.2	319	106.5	308	+0.27	149
247	Elon	CAA	10-22	-6.58	99.9	236	106.5	252	65.8	253	-.055	305	+2.23	110	104.6	102	102.3	125	+8.96	12
248	Montana	BSky	18-14	-6.67	100.2	234	106.8	257	65.3	274	+.026	121	-7.47	329	100.6	261	108.0	349	-6.67	324
249	UMass Lowell	AE	15-16	-6.70	96.2	300	102.9	175	67.5	151	-.063	311	-7.13	322	100.0	289	107.1	333	-2.22	227
250	Western Illinois	Sum	16-16	-6.77	100.4	227	107.1	262	70.6	29	-.012	204	-5.90	290	102.6	166	108.5	355	-5.79	312
251	Stony Brook	AE	18-13	-6.77	104.1	155	110.9	321	68.2	111	+.099	20	-6.65	314	99.4	315	106.0	294	-1.28	197
252	South Florida	Amer	8-23	-6.83	90.9	349	97.7	79	65.0	290	-.015	210	+3.92	98	104.1	114	100.2	82	-3.53	260
253	Georgia Southern	SB	13-16	-7.30	96.1	302	103.4	188	66.0	245	+.038	102	-1.87	186	100.8	244	102.7	142	-0.51	172
254	Youngstown St.	Horz	19-15	-7.49	102.8	177	110.3	310	66.6	207	+.002	168	-9.69	356	98.1	344	107.7	346	-6.97	329
255	Northeastern	CAA	9-22	-7.65	97.0	285	104.6	216	64.4	320	-.064	314	-0.92	161	103.8	121	104.8	245	-0.05	157
256	Portland St.	BSky	14-17	-7.69	95.7	304	103.4	187	71.0	21	-.015	211	-6.57	313	101.5	216	108.0	348	-0.22	160
257	Manhattan	MAAC	15-15	-7.73	100.5	224	108.2	279	68.6	97	+.097	22	-3.27	224	100.0	285	103.3	168	-6.38	321
258	Canisius	MAAC	11-21	-7.80	97.4	277	105.2	224	68.2	114	+.045	79	-1.29	175	102.0	192	103.3	166	+0.57	140
259	Tennessee Tech	OVC	11-21	-7.94	99.9	241	107.8	276	69.3	64	-.086	340	-2.62	204	100.6	260	103.2	164	+3.56	69
260	Eastern Kentucky	ASun	13-18	-7.95	101.2	206	109.2	291	70.9	24	-.120	355	-6.22	303	100.1	284	106.3	301	-5.62	310
261	UC San Diego	BW	13-16	-8.00	101.6	197	109.6	297	67.9	125	+.006	160	-4.20	250	99.3	318	103.5	175	-4.20	280
262	USC Upstate	BSth	15-17	-8.05	102.2	193	110.3	309	68.6	98	+.067	49	-3.25	223	100.6	257	103.9	202	+3.49	70
263	Presbyterian	BSth	12-20	-8.06	96.4	296	104.5	214	64.1	328	-.044	283	-2.89	210	101.8	200	104.7	241	+3.56	67
264	Lipscomb	ASun	14-19	-8.09	102.3	192	110.3	311	69.2	70	+.013	148	-3.10	219	101.3	218	104.4	230	+3.25	76
265	Alcorn St.	SWAC	17-17	-8.09	97.3	279	105.4	231	67.8	128	+.128	4	-3.83	238	99.4	313	103.3	167	+14.22	2
266	Miami OH	MAC	14-18	-8.17	103.5	164	111.7	333	67.7	132	-.043	280	-4.95	265	100.8	241	105.8	279	-3.73	267
267	Ball St.	MAC	14-17	-8.39	101.4	203	109.8	302	69.9	46	+.021	134	-5.40	277	100.8	240	106.2	297	-5.98	317
268	Louisiana Monroe	SB	13-18	-8.40	101.0	212	109.4	292	67.7	131	+.005	161	-2.17	195	100.7	254	102.8	150	+1.34	125
269	Air Force	MWC	11-18	-8.48	95.5	306	104.0	208	63.2	342	+.068	48	+1.53	117	103.5	130	102.0	119	-8.80	348
270	New Orleans	Slnd	18-14	-8.50	97.0	284	105.5	232	72.2	10	+.038	100	-8.87	354	99.8	300	108.7	356	-3.61	263
271	Loyola MD	Pat	14-16	-8.58	96.4	297	104.9	220	64.6	316	-.037	265	-8.62	349	98.8	329	107.4	339	-4.70	290
272	North Florida	ASun	11-20	-8.63	97.2	280	105.8	241	67.7	133	+.003	166	+1.24	119	103.8	120	102.6	138	+14.05	3
273	Tennessee St.	OVC	14-18	-8.63	98.0	267	106.6	254	67.5	146	-.054	301	-7.07	321	98.3	339	105.4	265	-8.23	346
274	Southeastern Louisiana	Slnd	19-15	-8.72	102.8	180	111.5	331	70.6	31	+.109	13	-6.20	302	99.7	307	105.9	285	+1.83	110
275	FIU	CUSA	15-17	-8.80	97.3	278	106.1	248	66.7	201	+.050	72	-4.64	258	101.3	220	105.9	288	-11.13	358
276	Cal St. Bakersfield	BW	8-19	-9.11	97.5	275	106.6	255	64.4	319	-.052	297	-2.22	199	100.8	243	103.0	160	+0.64	138
277	Jackson St.	SWAC	11-19	-9.20	93.3	332	102.5	165	63.7	337	-.002	181	-4.29	252	99.7	308	104.0	207	+10.93	6
278	Dixie St.	WAC	13-18	-9.26	95.6	305	104.9	219	71.4	17	+.032	112	-0.40	151	102.2	182	102.6	137	-1.27	196
279	Pepperdine	WCC	7-25	-9.70	97.4	276	107.1	261	69.9	48	-.023	231	+3.31	103	104.1	112	100.8	103	-0.66	177
280	Duquesne	A10	6-24	-9.85	98.8	255	108.7	281	65.9	248	-.047	287	+1.64	116	103.2	146	101.5	112	-4.07	277
281	Prairie View A&M	SWAC	8-19	-9.94	97.1	281	107.0	260	70.3	38	-.034	255	-3.11	220	99.9	293	103.0	157	+16.98	1
282	Hartford	AE	12-20	-10.05	101.1	210	111.2	324	67.2	174	-.050	294	-7.77	334	98.9	328	106.7	313	-5.32	301
283	Radford	BSth	11-18	-10.20	95.3	309	105.5	234	64.1	326	+.023	130	-3.27	225	100.9	237	104.2	214	+5.57	32
284	Bowling Green	MAC	13-18	-10.22	102.8	178	113.0	343	72.8	3	-.011	201	-5.50	282	101.1	224	106.6	310	-8.17	344
285	North Carolina Central	MEAC	16-15	-10.34	96.7	289	107.0	259	67.6	141	+.044	82	-6.17	300	97.4	354	103.6	182	+2.14	100
286	Albany	AE	13-18	-10.47	92.2	341	102.7	172	65.2	282	+.042	86	-6.07	296	100.2	281	106.3	299	-0.63	175
287	Illinois Chicago	Horz	14-16	-10.52	99.4	246	109.9	303	69.2	67	+.059	62	-7.43	328	98.9	327	106.3	304	+0.62	139
288	San Jose St.	MWC	8-23	-10.62	98.9	253	109.5	296	65.4	269	-.007	193	+4.12	96	104.7	99	100.5	95	-2.71	241
289	North Carolina A&T	BSth	12-20	-10.76	96.8	288	107.6	273	67.4	159	+.023	127	-3.19	222	100.5	269	103.7	184	+2.74	89
290	Binghamton	AE	12-17	-10.76	94.9	316	105.6	236	67.1	182	-.004	187	-6.47	311	100.5	265	107.0	327	-3.08	252
291	Austin Peay	OVC	12-17	-10.83	94.8	318	105.6	235	64.6	313	+.066	50	-2.16	194	100.7	247	102.9	151	+6.69	23
292	Morgan St.	MEAC	13-15	-10.97	94.4	322	105.4	230	71.9	13	-.021	225	-7.30	324	96.9	356	104.2	216	+1.87	109
293	Pacific	WCC	8-22	-10.97	95.0	314	106.0	244	68.2	115	-.048	293	-0.31	149	103.3	140	103.6	183	-3.43	258
294	Denver	Sum	11-21	-11.08	99.8	242	110.9	322	66.4	222	-.046	285	-5.58	283	101.9	196	107.5	341	-4.80	295
295	Army	Pat	15-16	-11.12	96.5	295	107.6	272	68.8	89	+.025	124	-8.42	345	98.6	335	107.1	331	-3.99	274
296	Western Carolina	SC	11-21	-11.29	99.0	252	110.3	307	68.2	112	+.074	44	-0.55	154	105.0	87	105.5	268	-2.74	244
297	Northern Illinois	MAC	9-21	-11.34	92.8	337	104.1	209	67.0	189	+.001	169	-2.89	211	102.3	176	105.2	258	+0.73	135
298	SIU Edwardsville	OVC	11-21	-11.47	94.0	326	105.5	233	68.5	103	-.024	233	-4.41	254	100.6	259	105.0	251	-1.82	213
299	Merrimack	NEC	14-16	-11.55	94.2	325	105.7	239	62.2	350	+.060	56	-7.61	333	99.0	322	106.6	311	-1.80	210
300	Coppin St.	MEAC	9-23	-11.71	92.0	344	103.7	198	72.2	8	-.017	214	-3.28	226	99.9	294	103.2	162	+5.50	34
301	UT Rio Grande Valley	WAC	8-23	-11.80	99.9	239	111.7	332	71.8	15	-.071	324	-1.47	179	100.6	264	102.0	120	-0.31	167
302	Lehigh	Pat	13-19	-12.07	98.1	265	110.2	306	68.1	116	-.015	209	-8.72	353	98.0	347	106.7	317	-5.47	304
303	Grambling St.	SWAC	12-20	-12.31	93.7	331	106.0	245	69.3	66	+.034	105	-4.46	256	98.6	336	103.0	161	+10.22	9
304	Stetson	ASun	11-19	-12.44	96.6	292	109.0	289	65.7	255	-.009	196	-3.99	243	101.8	202	105.8	277	-0.96	183
305	St. Thomas	Sum	10-20	-12.51	106.6	102	119.1	357	65.3	275	-.084	337	-4.87	263	101.9	195	106.8	319	-2.16	226
306	South Carolina St.	MEAC	15-16	-12.56	93.3	333	105.8	242	70.0	44	+.074	42	-8.53	348	97.3	355	105.9	284	-4.76	293
307	Tennessee Martin	OVC	8-22	-12.64	96.0	303	108.7	282	68.9	84	-.041	276	-2.13	192	101.3	219	103.4	172	+3.96	54
308	Cal Poly	BW	7-21	-12.72	93.0	336	105.8	240	64.6	314	-.034	253	-3.31	227	100.2	279	103.5	179	-2.70	240
309	Florida A&M	SWAC	13-17	-12.73	94.9	315	107.6	274	65.5	264	+.097	23	-6.24	304	98.0	346	104.3	222	+8.87	13
310	McNeese St.	Slnd	11-22	-12.97	97.7	273	110.7	319	69.6	55	-.042	278	-5.44	279	100.2	283	105.6	270	+4.80	43
311	Alabama St.	SWAC	10-21	-13.19	97.1	283	110.3	308	69.4	62	-.002	179	-6.05	295	98.3	340	104.4	227	+10.52	7
312	UTSA	CUSA	10-22	-13.20	94.3	324	107.5	271	68.7	94	-.020	220	-2.21	198	101.6	205	103.8	196	-8.18	345
313	Maryland Eastern Shore	MEAC	11-16	-13.21	89.7	353	102.9	177	67.9	126	+.021	136	-5.49	281	98.3	342	103.8	192	+5.06	39
314	Alabama A&M	SWAC	12-18	-13.50	87.3	355	100.8	130	66.6	212	+.034	108	-8.49	347	97.8	349	106.3	303	+2.23	98
315	North Alabama	ASun	9-21	-13.57	90.2	351	103.8	202	67.7	135	-.064	313	-3.34	228	102.5	170	105.9	286	+3.90	58
316	Eastern Michigan	MAC	10-21	-13.60	93.7	330	107.4	265	69.2	68	+.025	122	-3.56	233	101.9	198	105.4	266	+0.31	146
317	Sacramento St.	BSky	11-18	-13.72	95.1	313	108.8	284	64.3	324	+.008	155	-6.02	293	101.2	222	107.2	337	+0.88	133
318	Central Michigan	MAC	7-23	-13.77	96.2	299	110.0	304	67.5	149	-.001	176	-1.74	184	103.4	134	105.1	254	+2.93	84
319	Central Arkansas	ASun	11-20	-14.14	98.7	257	112.9	341	71.9	12	+.098	21	-1.20	171	103.0	152	104.2	217	+8.37	17
320	Sacred Heart	NEC	10-20	-14.17	101.3	204	115.5	352	67.4	161	-.027	240	-8.67	351	97.8	350	106.5	306	-5.41	303
321	Evansville	MVC	6-24	-14.19	92.6	339	106.8	256	64.1	329	-.065	317	+2.11	111	104.2	111	102.1	122	-2.55	236
322	St. Francis NY	NEC	10-20	-14.21	94.7	320	108.9	287	66.6	208	-.037	264	-7.83	335	98.5	338	106.3	302	-1.67	204
323	Lafayette	Pat	10-20	-14.41	97.1	282	111.5	330	64.8	303	-.041	275	-7.88	337	100.3	276	108.2	351	-0.24	163
324	Idaho	BSky	9-22	-14.60	99.2	250	113.8	347	70.0	45	-.028	243	-4.97	266	100.9	235	105.9	289	+2.09	102
325	St. Francis PA	NEC	9-21	-14.61	95.1	312	109.7	298	67.3	166	-.075	328	-7.48	330	99.4	312	106.9	323	-2.03	221
326	Hampton	BSth	9-19	-15.02	90.6	350	105.6	237	69.1	73	+.070	47	-5.46	280	99.0	324	104.5	231	-3.05	250
327	Robert Morris	Horz	8-24	-15.16	98.4	261	113.6	345	66.7	206	-.067	320	-6.28	308	100.4	273	106.6	312	+2.68	91
328	Little Rock	SB	9-19	-15.18	96.9	286	112.1	336	66.7	205	+.075	39	-0.21	144	102.1	184	102.3	127	+3.90	57
329	Western Michigan	MAC	8-23	-15.21	96.9	287	112.1	335	64.0	331	-.024	234	-2.48	203	103.4	132	105.9	287	+4.56	44
330	Northwestern St.	Slnd	9-23	-15.42	98.4	263	113.8	346	71.2	18	-.060	308	-4.65	260	100.7	249	105.4	263	+6.27	26
331	American	Pat	10-22	-16.20	94.4	323	110.6	317	64.9	291	+.003	167	-7.56	331	99.3	316	106.9	322	-3.92	271
332	Cal St. Northridge	BW	7-23	-16.20	93.9	328	110.2	305	64.9	293	+.029	118	-1.64	182	101.0	230	102.6	140	+0.71	136
333	Bethune Cookman	SWAC	9-21	-16.68	93.1	335	109.8	300	65.8	251	+.039	97	-6.67	315	97.7	352	104.4	228	+3.23	77
334	Northern Arizona	BSky	9-23	-16.91	95.5	307	112.4	340	65.1	284	+.007	157	-5.18	271	101.6	210	106.8	318	+0.20	153
335	Milwaukee	Horz	10-22	-17.04	91.7	346	108.8	283	66.8	196	-.047	289	-8.13	341	99.4	314	107.5	342	-3.67	265
336	Bucknell	Pat	9-23	-17.09	99.9	237	117.0	356	67.7	136	+.039	98	-6.27	307	100.4	271	106.7	315	-1.51	201
337	Houston Baptist	Slnd	11-18	-17.14	95.2	311	112.3	339	68.8	92	-.002	180	-8.68	352	99.7	305	108.4	354	-1.16	189
338	William & Mary	CAA	5-27	-17.33	90.2	352	107.5	270	68.8	93	+.015	143	-1.13	170	102.6	167	103.7	189	-2.06	223
339	Idaho St.	BSky	7-23	-17.54	93.9	329	111.4	328	63.9	333	-.038	268	-4.94	264	101.0	229	105.9	290	+1.54	117
340	Chicago St.	WAC	7-25	-17.64	95.5	308	113.1	344	65.6	257	+.040	90	-2.01	191	100.4	272	102.4	130	-5.14	300
341	Southern Miss	CUSA	7-26	-17.85	94.0	327	111.8	334	67.1	187	+.034	106	-0.20	143	102.7	163	102.9	153	-1.21	190
342	NJIT	AE	11-18	-18.31	89.4	354	107.7	275	66.0	244	+.092	25	-7.03	320	100.0	286	107.0	329	-6.65	323
343	Green Bay	Horz	5-25	-18.52	91.9	345	110.4	313	64.7	311	-.116	352	-6.48	312	99.9	291	106.4	305	+2.81	87
344	Nebraska Omaha	Sum	5-25	-18.66	97.8	271	116.4	353	69.9	50	-.055	303	-2.18	196	104.4	107	106.6	309	+3.56	68
345	Fairleigh Dickinson	NEC	4-22	-19.70	94.8	317	114.5	350	69.6	54	-.051	296	-5.36	275	99.9	292	105.3	260	+5.54	33
346	Central Connecticut	NEC	8-24	-19.71	91.5	347	111.2	326	64.6	315	+.032	113	-6.39	310	99.7	304	106.1	296	-1.44	200
347	Charleston Southern	BSth	6-25	-19.94	92.3	340	112.2	338	68.9	81	-.002	178	-3.74	235	100.6	262	104.3	226	+0.38	143
348	North Dakota	Sum	6-25	-19.95	96.6	294	116.5	354	67.4	164	-.020	222	-5.68	285	102.1	187	107.8	347	-5.97	316
349	Holy Cross	Pat	9-22	-20.07	91.2	348	111.3	327	67.1	184	+.059	60	-8.18	342	99.0	325	107.2	336	-4.08	278
350	Lamar	WAC	2-27	-20.15	92.0	343	112.2	337	66.1	240	-.065	315	-1.86	185	100.8	239	102.7	143	-1.00	184
351	Columbia	Ivy	4-22	-21.02	93.2	334	114.2	348	69.5	58	-.004	186	-4.16	248	100.9	234	105.1	253	-7.91	341
352	Arkansas Pine Bluff	SWAC	7-24	-21.52	97.8	269	119.3	358	67.1	185	+.009	153	-3.84	240	98.8	331	102.6	134	+12.05	5
353	Incarnate Word	Slnd	7-25	-21.92	94.8	319	116.7	355	64.6	312	-.008	194	-6.39	309	100.5	268	106.9	320	+1.05	129
354	Maine	AE	6-23	-22.06	92.2	342	114.3	349	66.2	229	-.048	290	-5.75	286	99.9	290	105.7	276	+1.33	126
355	Mississippi Valley St.	SWAC	2-26	-22.53	92.7	338	115.3	351	70.8	27	-.100	345	-6.26	306	97.9	348	104.2	213	+4.98	40
356	Delaware St.	MEAC	2-26	-24.29	86.2	356	110.5	314	68.4	105	-.118	354	-6.08	298	98.2	343	104.2	218	-0.81	181
357	Eastern Illinois	OVC	5-26	-25.72	83.2	357	108.9	285	64.7	305	-.000	174	-3.53	231	100.7	251	104.2	215	-2.12	225
358	IUPUI	Horz	3-26	-31.57	79.4	358	110.9	323	62.3	346	-.055	304	-7.84	336	99.6	310	107.5	340	-4.70	291
