Rk	Team	Conf	W-L	AdjEM	AdjO	AdjD	AdjT	Luck	AdjEM	OppO	OppD	AdjEM
1	Gonzaga 1	WCC	31-1	+36.48	126.4	1	89.9	11	73.8	7	+.022	127	+11.35	72	108.1	70	96.8	74	+6.21	112
2	Baylor 1	B12	28-2	+33.87	125.0	2	91.1	22	67.4	213	+.046	80	+13.25	54	108.7	64	95.5	44	-2.83	258
3	Michigan 1	B10	23-5	+29.67	117.6	9	87.9	4	66.6	256	+.007	156	+16.44	19	111.7	9	95.3	39	+2.51	178
4	Illinois 1	B10	24-7	+29.06	118.0	8	88.9	7	70.5	79	+.022	128	+18.17	5	112.3	5	94.1	13	+10.44	59
5	Houston 2	Amer	28-4	+28.75	118.3	7	89.6	9	64.4	332	+.018	133	+9.21	90	105.7	105	96.5	67	+2.11	187
6	USC 6	P12	25-8	+27.58	115.7	14	88.1	6	67.0	235	+.001	171	+16.27	21	111.1	19	94.8	28	+6.28	111
7	Iowa 2	B10	22-9	+26.87	123.5	3	96.7	75	69.9	93	-.027	244	+16.41	20	110.4	31	94.0	9	-4.90	285
8	Colorado 5	P12	23-9	+25.10	116.3	13	91.2	23	66.1	276	-.025	237	+15.43	28	110.3	32	94.9	31	+3.82	157
9	Alabama 2	SEC	26-7	+25.09	112.9	30	87.8	3	73.3	11	+.020	131	+14.80	33	110.1	35	95.3	41	+9.45	71
10	Loyola Chicago 8	MVC	26-5	+24.32	111.3	41	87.0	2	63.7	342	-.024	233	+6.27	112	105.6	110	99.4	123	+4.81	139
11	Ohio St. 2	B10	21-10	+23.58	120.7	4	97.1	82	66.7	251	-.012	212	+17.90	9	111.6	10	93.7	5	+3.47	164
12	Villanova 5	BE	18-7	+23.02	119.0	6	96.0	66	64.2	336	-.007	200	+13.66	47	109.3	51	95.7	50	+8.12	89
13	UCLA 11	P12	22-10	+22.43	116.9	11	94.5	46	63.8	341	+.028	110	+17.38	11	111.3	14	93.9	6	+9.87	66
14	Wisconsin 9	B10	18-13	+22.40	113.0	29	90.6	15	64.6	328	-.052	289	+18.13	6	112.1	7	93.9	8	+1.24	199
15	Florida St. 4	ACC	18-7	+22.12	114.9	16	92.8	33	69.9	90	+.002	167	+13.48	50	109.5	46	96.0	60	+4.42	145
16	Oregon 7	P12	21-7	+21.85	117.2	10	95.4	55	67.2	226	+.049	72	+15.20	30	110.6	26	95.4	43	+3.72	160
17	Texas Tech 6	B12	18-11	+21.81	112.7	32	90.9	18	65.1	316	-.099	340	+12.84	59	108.5	67	95.7	51	-4.88	283
18	Arkansas 3	SEC	25-7	+21.56	111.1	43	89.6	10	72.6	19	+.064	51	+12.69	63	109.4	49	96.7	73	-4.09	272
19	Virginia 4	ACC	18-7	+21.42	114.7	17	93.3	36	59.9	357	+.025	118	+12.05	69	109.8	40	97.8	96	+0.24	211
20	BYU 6	WCC	20-7	+21.12	113.7	23	92.5	30	67.6	206	+.037	91	+12.31	65	109.1	57	96.8	76	+10.05	65
21	Connecticut 7	BE	15-8	+20.61	113.1	27	92.5	29	65.5	309	-.068	310	+12.99	57	108.2	69	95.2	33	-1.27	240
22	Creighton 5	BE	22-9	+20.59	113.4	25	92.8	32	68.7	144	+.017	137	+13.19	55	108.8	63	95.6	49	-0.73	230
23	West Virginia 3	B12	19-10	+20.51	116.8	12	96.3	70	69.2	122	-.056	294	+15.18	31	109.6	45	94.4	20	+13.77	29
24	LSU 8	SEC	19-10	+20.35	120.1	5	99.8	124	70.6	70	-.007	201	+14.77	35	108.7	66	93.9	7	+1.13	202
25	Purdue 4	B10	18-10	+20.33	113.3	26	92.9	34	66.1	278	+.010	148	+16.61	17	111.2	16	94.6	22	+5.71	122
26	Texas 3	B12	19-8	+20.31	113.1	28	92.8	31	68.6	146	-.004	190	+14.52	38	109.2	54	94.7	23	+8.20	85
27	Kansas 3	B12	21-9	+19.98	110.1	54	90.2	12	68.2	174	+.070	44	+15.83	24	110.7	25	94.8	29	+10.43	60
28	Tennessee 5	SEC	18-9	+19.95	108.0	85	88.1	5	67.1	232	-.013	215	+13.11	56	108.9	60	95.8	53	-0.34	221
29	Arizona	P12	17-9	+19.92	115.6	15	95.7	59	67.7	198	-.017	220	+13.38	51	109.3	52	95.9	56	-4.01	271
30	San Diego St. 6	MWC	23-5	+19.88	111.0	45	91.1	21	65.5	307	+.027	114	+7.22	103	106.4	97	99.2	117	+13.66	31
31	Memphis 1	Amer	20-8	+19.11	105.5	117	86.4	1	71.3	48	-.068	311	+8.72	96	105.9	101	97.2	82	+1.45	198
32	St. Bonaventure 9	A10	16-5	+19.04	110.0	55	91.0	20	64.8	320	+.016	140	+8.53	98	106.6	92	98.0	103	+2.44	180
33	Oklahoma St. 4	B12	21-9	+18.95	109.6	60	90.7	17	72.4	24	+.038	90	+15.52	27	111.1	18	95.6	47	+5.81	121
34	North Carolina 8	ACC	18-11	+18.62	110.3	52	91.7	27	71.5	43	-.005	194	+14.79	34	110.9	21	96.1	62	+8.20	87
35	Maryland 10	B10	17-14	+17.63	111.8	37	94.1	42	64.7	321	-.024	234	+17.10	13	110.2	34	93.1	2	-1.11	236
36	Duke	ACC	13-11	+17.56	114.5	18	97.0	79	68.5	152	-.109	347	+12.27	67	109.1	58	96.8	77	+5.59	127
37	Georgia Tech 9	ACC	17-9	+17.50	113.7	22	96.2	68	67.3	223	-.005	193	+12.70	61	108.7	65	96.0	58	-0.96	233
38	Rutgers 10	B10	16-12	+17.48	108.1	82	90.6	16	67.4	214	+.027	113	+17.99	7	112.4	3	94.4	19	-5.69	294
39	Oklahoma 8	B12	16-11	+17.06	112.1	35	95.1	51	67.1	228	-.025	238	+14.29	43	109.5	47	95.2	34	+1.93	192
40	Penn St.	B10	11-14	+17.03	112.2	34	95.2	52	69.1	125	-.050	286	+19.38	1	112.2	6	92.8	1	+11.55	47
41	Florida 7	SEC	15-10	+16.95	111.0	44	94.1	41	68.3	167	-.004	188	+14.72	36	109.9	36	95.2	35	+8.88	76
42	Syracuse 11	ACC	18-10	+16.75	113.7	24	96.9	77	68.6	151	+.029	109	+12.94	58	109.4	48	96.5	66	+2.09	188
43	Oregon St. 12	P12	20-13	+16.40	112.1	36	95.7	60	65.5	306	+.072	40	+16.72	16	111.2	15	94.5	21	-4.52	278
44	Utah	P12	12-13	+15.78	112.7	31	97.0	78	67.6	203	-.077	319	+15.67	25	110.5	29	94.8	27	-5.46	290
45	Clemson 7	ACC	16-8	+15.48	106.4	107	90.9	19	64.0	337	+.100	18	+14.39	41	109.7	43	95.3	38	+11.60	46
46	Utah St. 11	MWC	20-9	+15.34	104.8	126	89.5	8	68.6	149	-.037	262	+5.64	120	105.4	118	99.7	130	+8.20	86
47	Missouri 9	SEC	16-10	+15.14	110.6	49	95.5	57	68.4	163	+.070	43	+15.85	23	110.2	33	94.4	17	+11.39	50
48	VCU 10	A10	19-7	+15.04	105.2	122	90.2	14	69.6	107	+.035	97	+8.57	97	106.5	93	98.0	99	+5.66	124
49	Kentucky	SEC	9-16	+14.97	108.0	84	93.1	35	68.1	181	-.148	354	+16.91	15	110.9	22	94.0	10	+15.29	23
50	Indiana	B10	12-15	+14.95	109.1	70	94.2	43	65.9	289	-.053	290	+18.33	3	111.4	13	93.1	3	+9.18	72
51	Mississippi 1	SEC	16-12	+14.67	106.1	109	91.4	25	64.9	318	-.063	301	+10.75	78	107.9	75	97.2	81	-6.82	302
52	Virginia Tech 10	ACC	15-7	+14.44	109.7	59	95.3	53	65.7	298	+.043	82	+9.69	85	107.9	72	98.2	106	+0.63	207
53	Saint Louis 1	A10	14-7	+14.37	110.4	50	96.0	65	68.0	184	-.037	263	+5.58	121	104.7	133	99.1	116	-1.43	244
54	Seton Hall	BE	14-13	+14.36	110.3	51	95.9	63	66.5	264	-.027	245	+14.43	40	109.7	41	95.3	40	+11.86	44
55	Drake 11	MVC	26-5	+14.27	112.5	33	98.2	101	66.3	271	+.102	17	+3.98	137	104.1	155	100.1	137	-8.21	309
56	SMU 3	Amer	11-6	+14.07	110.8	47	96.8	76	68.8	141	-.012	210	+8.72	95	105.0	127	96.2	64	-8.32	310
57	Stanford	P12	14-13	+13.78	106.0	110	92.2	28	69.2	120	+.022	126	+16.46	18	111.2	17	94.7	25	+9.76	67
58	UC Santa Barbara 12	BW	22-5	+13.63	109.9	56	96.2	69	65.6	301	+.030	108	+1.80	168	102.8	187	101.0	145	+4.03	151
59	Louisville	ACC	13-7	+13.54	107.7	92	94.2	44	65.7	300	+.118	9	+13.29	53	109.9	39	96.6	69	+7.71	95
60	Auburn	SEC	13-14	+13.20	111.6	38	98.4	103	71.0	54	-.044	275	+14.54	37	109.3	53	94.7	24	+6.37	109
61	Boise St. 2	MWC	19-9	+13.13	109.1	69	96.0	64	69.1	128	-.026	242	+6.12	115	105.4	114	99.3	121	+15.51	20
62	Minnesota	B10	14-15	+12.97	108.4	76	95.4	56	69.9	88	+.011	147	+17.03	14	111.4	12	94.4	18	+0.16	214
63	Georgetown 12	BE	13-13	+12.91	107.9	87	95.0	49	69.7	101	+.008	154	+14.96	32	110.6	27	95.6	48	+4.64	142
64	Michigan St. 11	B10	15-13	+12.90	107.1	98	94.2	45	68.3	164	+.090	22	+17.72	10	112.5	2	94.8	26	-1.03	234
65	Richmond 2	A10	14-9	+12.78	110.9	46	98.1	99	68.2	169	-.061	298	+9.22	89	107.2	83	97.9	98	+10.89	54
66	Xavier	BE	13-8	+12.73	110.6	48	97.9	94	67.9	186	+.003	165	+10.29	82	107.9	74	97.6	92	+2.03	190
67	Mississippi St. 4	SEC	18-15	+12.37	107.7	93	95.3	54	65.8	296	-.011	207	+12.31	66	107.5	81	95.2	36	-1.44	245
68	Wichita St. 11	Amer	16-6	+12.30	109.5	61	97.2	84	67.0	234	+.089	23	+10.47	81	106.4	96	96.0	57	+13.71	30
69	St. John's	BE	16-11	+12.26	111.2	42	98.9	112	73.4	10	+.014	144	+11.04	74	107.6	79	96.6	68	-2.94	259
70	Davidson 2	A10	13-9	+12.11	113.9	20	101.8	164	62.5	353	-.074	316	+6.91	106	104.7	137	97.8	95	+1.16	201
71	N.C. State 3	ACC	14-11	+12.02	109.4	63	97.4	87	67.8	193	-.011	209	+10.91	75	109.1	56	98.2	105	-6.18	299
72	North Texas 13	CUSA	18-10	+11.76	106.7	101	95.0	48	62.7	350	-.018	222	+6.35	109	105.0	126	98.6	111	+6.16	113
73	Wright St.	Horz	18-6	+11.73	108.3	80	96.6	73	71.1	52	-.078	321	-3.35	251	102.7	190	106.0	336	+5.39	130
74	Toledo 3	MAC	21-9	+11.71	114.3	19	102.6	182	68.7	143	-.024	236	+3.03	150	104.8	130	101.7	172	+5.90	118
75	Saint Mary's 2	WCC	14-10	+11.68	101.8	178	90.2	13	62.9	348	+.037	92	+10.85	76	108.8	62	98.0	100	+2.91	168
76	Colorado St. 1	MWC	20-8	+11.52	108.1	83	96.6	72	69.0	133	+.045	81	+5.44	122	104.3	149	98.9	114	+2.76	172
77	Buffalo 4	MAC	16-9	+11.30	107.4	95	96.1	67	73.1	16	-.098	339	+3.27	145	105.6	111	102.3	192	+2.40	182
78	Washington St.	P12	14-13	+11.10	102.4	167	91.3	24	67.6	207	-.010	203	+12.08	68	108.9	61	96.8	75	-8.58	312
79	Northwestern	B10	9-15	+10.97	104.3	132	93.4	37	68.4	160	-.091	331	+19.18	2	112.9	1	93.7	4	-18.34	328
80	Providence	BE	13-13	+10.70	107.3	96	96.6	74	66.3	270	+.001	170	+13.51	49	109.4	50	95.9	54	+7.01	103
81	Ohio 13	MAC	17-8	+10.47	111.4	40	100.9	145	69.2	123	+.031	104	+5.23	126	106.1	99	100.9	142	+1.20	200
82	Louisiana Tech 4	CUSA	24-8	+10.46	104.2	133	93.7	39	69.4	112	+.055	62	+3.02	151	103.2	175	100.2	138	-8.57	311
83	Marquette	BE	13-14	+10.40	107.5	94	97.1	83	67.4	216	-.007	199	+14.12	44	109.7	42	95.6	46	+7.66	96
84	Abilene Christian 14	Slnd	24-5	+10.11	101.7	184	91.6	26	69.3	115	+.009	150	-5.43	298	99.4	287	104.8	300	+4.93	137
85	Notre Dame	ACC	11-15	+10.03	113.8	21	103.7	203	67.2	227	-.029	248	+14.31	42	110.7	24	96.4	65	+13.83	28
86	Arizona St.	P12	11-14	+9.85	108.4	75	98.5	106	72.5	21	+.026	116	+16.04	22	110.9	20	94.9	30	+9.16	73
87	Dayton 4	A10	14-10	+9.69	108.3	77	98.6	109	65.5	305	+.006	160	+8.46	99	105.1	123	96.7	72	+4.29	148
88	Missouri St.	MVC	17-7	+9.32	107.8	90	98.5	104	69.1	127	+.039	87	+3.85	140	104.0	162	100.1	136	-12.01	320
89	Colgate 14	Pat	14-2	+9.25	110.3	53	101.0	148	72.2	26	+.048	74	-5.80	305	99.6	282	105.4	316	-99.00	331
90	Pepperdine	WCC	15-12	+9.04	108.3	79	99.3	120	71.4	47	+.002	169	+9.52	86	107.1	84	97.6	90	+9.71	68
91	Nevada	MWC	16-10	+8.98	108.8	72	99.9	125	69.8	95	-.012	213	+6.26	113	104.7	132	98.5	108	+7.37	98
92	Marshall	CUSA	15-7	+8.89	109.2	67	100.3	133	72.6	20	-.068	312	+1.45	172	102.9	184	101.4	157	+0.58	209
93	San Francisco	WCC	11-14	+8.86	106.9	100	98.0	96	67.7	197	-.104	342	+8.22	101	106.8	89	98.5	110	+5.87	120
94	Loyola Marymount	WCC	13-9	+8.80	107.8	89	99.0	114	66.0	284	+.033	99	+8.41	100	105.6	108	97.2	84	+6.76	105
95	Georgia	SEC	14-12	+8.69	107.9	86	99.2	118	73.2	13	+.048	75	+12.37	64	107.9	76	95.5	45	-6.05	297
96	Furman	SC	16-9	+8.64	109.8	57	101.1	151	67.7	200	-.086	324	+2.56	160	104.3	151	101.8	173	+2.70	173
97	Pittsburgh	ACC	10-12	+8.64	108.2	81	99.5	122	68.3	165	-.068	309	+10.58	80	108.3	68	97.7	94	-4.78	281
98	Liberty 13	ASun	23-6	+8.60	109.8	58	101.2	153	63.1	347	-.023	231	-4.82	287	99.5	283	104.3	272	+1.58	195
99	Western Kentucky 3	CUSA	21-8	+8.57	106.6	102	98.0	97	67.4	219	+.083	27	+4.32	133	103.6	166	99.3	120	+10.37	61
100	UCF	Amer	11-12	+8.54	106.5	103	97.9	95	67.2	225	+.053	64	+12.76	60	107.1	85	94.3	16	+24.70	1
101	Winthrop 12	BSth	23-2	+8.48	105.0	124	96.5	71	73.1	14	+.036	96	-5.62	302	99.6	281	105.2	311	+4.18	149
102	UAB	CUSA	22-7	+8.44	103.5	153	95.0	50	67.0	238	+.005	162	-1.59	216	100.1	265	101.7	168	-12.09	321
103	Grand Canyon 15	WAC	17-7	+8.32	105.4	121	97.1	81	64.9	319	-.061	299	-1.44	211	102.0	211	103.5	238	+2.54	177
104	Vanderbilt	SEC	9-16	+8.25	108.9	71	100.6	136	68.6	147	-.128	352	+12.70	62	107.9	73	95.2	37	-3.13	260
105	Eastern Washington 14	BSky	16-8	+8.19	109.5	62	101.3	156	72.2	27	-.085	323	-0.43	195	102.0	212	102.4	195	+21.28	5
106	UC Riverside	BW	14-8	+8.03	103.6	147	95.6	58	66.7	254	-.066	305	+0.84	182	102.6	192	101.8	174	+0.78	204
107	UC Irvine	BW	18-9	+7.88	101.3	192	93.4	38	67.4	222	+.031	103	+3.13	147	103.6	167	100.5	141	+6.68	107
108	UNC Greensboro 13	SC	21-9	+7.79	103.6	146	95.8	62	68.0	183	+.003	166	+1.48	171	103.8	163	102.3	190	-2.78	257
109	Nebraska	B10	7-20	+7.76	101.8	179	94.1	40	71.8	35	-.128	351	+18.30	4	112.4	4	94.1	12	+5.60	126
110	Belmont	OVC	26-4	+7.43	109.4	64	102.0	170	70.7	64	+.050	69	-5.84	307	98.9	298	104.8	299	-5.87	296
111	Rhode Island	A10	10-15	+7.21	104.7	127	97.5	89	69.0	134	-.109	344	+9.40	87	106.6	90	97.2	85	+11.37	51
112	Akron	MAC	15-8	+7.14	108.6	73	101.5	159	68.5	153	-.001	183	+4.26	134	105.8	104	101.5	159	+20.90	7
113	South Dakota St.	Sum	16-7	+6.85	111.5	39	104.6	222	70.9	59	+.008	153	+1.43	173	103.6	165	102.2	184	+8.01	92
114	California	P12	9-20	+6.43	105.5	119	99.0	115	64.7	322	-.067	308	+15.58	26	110.7	23	95.1	32	+3.18	166
115	Kent St.	MAC	15-8	+6.34	105.8	113	99.5	121	69.8	98	+.023	123	+3.94	138	106.5	94	102.6	202	+8.03	90
116	Cincinnati	Amer	12-11	+6.06	103.6	148	97.5	90	70.7	66	+.115	11	+11.11	73	107.3	82	96.2	63	+9.57	70
117	Pacific	WCC	9-9	+5.48	103.5	150	98.1	98	67.0	237	+.021	130	+9.97	84	107.6	80	97.6	89	+5.11	134
118	Massachusetts	A10	8-7	+5.40	105.4	120	100.0	128	71.6	41	-.057	297	+3.71	141	103.1	180	99.3	122	+0.22	212
119	Indiana St.	MVC	15-10	+5.35	102.6	166	97.3	85	66.9	244	+.079	31	+6.51	108	105.7	107	99.2	118	+8.52	83
120	Butler	BE	10-15	+5.34	102.7	164	97.4	86	64.6	326	+.069	45	+14.50	39	109.9	38	95.4	42	-0.56	227
121	Tulsa	Amer	11-12	+5.09	102.6	165	97.5	91	65.6	303	-.024	235	+8.99	93	105.6	109	96.7	70	-3.27	261
122	Weber St.	BSky	17-6	+4.98	107.7	91	102.7	185	71.9	33	-.028	246	-3.07	246	101.0	240	104.0	264	+6.57	108
123	Yale	Ivy	0-0	+4.98	107.1	99	102.1	172	67.9	185	+.000	173	-99.00	348	0.0	348	200.0	348	-99.00	331
124	South Carolina	SEC	6-15	+4.96	103.9	139	98.9	113	74.6	3	-.055	293	+15.42	29	109.7	44	94.2	14	+9.09	74
125	Oral Roberts 15	Sum	18-11	+4.83	109.3	66	104.4	219	71.4	46	+.023	125	+4.09	135	105.2	120	101.1	149	+22.06	4
126	Duquesne	A10	9-9	+4.74	101.7	183	97.0	80	69.0	135	+.007	159	+6.63	107	105.0	124	98.4	107	+2.39	183
127	Wofford	SC	15-9	+4.39	106.4	106	102.0	171	65.9	291	+.025	119	+3.38	144	105.0	125	101.6	165	+6.31	110
128	East Tennessee St.	SC	13-12	+3.99	103.2	159	99.2	117	65.4	311	-.063	302	+3.87	139	104.9	128	101.0	147	+4.67	140
129	Washington	P12	5-21	+3.65	104.0	135	100.4	134	71.0	53	-.061	300	+17.97	8	112.0	8	94.0	11	+11.85	45
130	Bowling Green	MAC	14-12	+3.62	105.5	116	101.9	168	69.8	96	-.037	260	+3.46	143	105.5	113	102.0	178	+1.52	197
131	Mercer	SC	18-11	+3.43	106.2	108	102.8	186	67.7	196	-.002	184	+2.05	165	104.1	156	102.0	179	+1.56	196
132	Cal St. Bakersfield	BW	15-11	+3.28	104.6	129	101.4	158	63.6	344	-.024	232	+1.53	170	102.7	188	101.2	153	+3.80	159
133	Vermont	AE	10-5	+3.22	105.5	118	102.2	177	66.4	267	-.069	313	-7.92	332	96.4	337	104.3	274	-99.00	331
134	Morehead St. 14	OVC	23-8	+3.19	100.6	205	97.4	88	65.2	314	+.146	4	-1.10	204	102.1	209	103.2	228	+16.21	16
135	Southern Utah	BSky	20-4	+3.13	108.5	74	105.4	240	69.9	92	+.082	28	-3.56	255	100.9	243	104.5	282	-0.64	228
136	UTEP	CUSA	12-12	+3.09	103.3	156	100.2	131	67.8	191	-.065	304	+5.18	127	104.0	160	98.8	113	+20.55	8
137	Texas A&M	SEC	8-10	+3.05	101.9	175	98.9	111	64.3	334	+.018	135	+9.10	91	107.0	86	97.9	97	-5.63	293
138	Miami FL	ACC	10-17	+3.01	102.1	172	99.1	116	67.8	190	+.019	132	+11.91	70	109.2	55	97.3	86	-7.27	304
139	North Dakota St.	Sum	15-12	+2.84	103.7	144	100.9	143	64.6	327	-.033	254	+1.30	176	104.4	148	103.1	222	+10.84	55
140	TCU	B12	12-14	+2.81	104.7	128	101.9	166	66.6	258	+.089	24	+11.88	71	107.9	77	96.0	59	+0.60	208
141	DePaul	BE	5-14	+2.80	97.6	257	94.8	47	70.6	72	-.048	280	+13.30	52	109.0	59	95.7	52	-8.60	313
142	George Mason	A10	13-9	+2.73	101.1	195	98.4	102	68.1	176	+.046	77	+3.26	146	104.5	144	101.2	154	-4.89	284
143	Temple	Amer	5-11	+2.70	101.5	189	98.8	110	68.6	148	-.092	332	+8.84	94	105.8	102	97.0	79	-13.51	324
144	Tulane	Amer	10-13	+1.95	99.8	225	97.8	93	67.4	221	+.013	145	+7.32	102	104.4	145	97.1	80	-14.54	325
145	Santa Clara	WCC	12-8	+1.94	100.4	208	98.5	105	70.4	81	+.147	3	+5.78	119	104.5	143	98.7	112	+0.73	205
146	Bradley	MVC	12-16	+1.87	103.5	149	101.7	162	65.9	288	-.086	325	+5.85	118	105.5	112	99.7	129	+6.06	114
147	Kansas St.	B12	9-20	+1.47	99.6	226	98.1	100	65.5	308	+.026	117	+14.05	45	109.9	37	95.9	55	-1.47	247
148	Boston College	ACC	4-16	+1.47	105.1	123	103.6	200	70.9	58	-.097	337	+13.86	46	110.5	28	96.7	71	+12.89	38
149	Ball St.	MAC	10-13	+1.44	103.4	154	101.9	167	70.7	67	-.049	283	+4.48	130	106.1	100	101.6	162	+3.81	158
150	New Mexico St.	WAC	12-8	+1.40	104.1	134	102.7	184	64.6	325	-.066	306	-2.44	231	100.5	252	103.0	218	-3.53	267
151	Stephen F. Austin	Slnd	16-5	+1.29	103.5	152	102.2	174	69.7	102	+.047	76	-7.61	329	98.1	319	105.7	325	-2.05	250
152	Old Dominion	CUSA	15-8	+1.20	101.0	196	99.9	126	67.4	217	+.140	5	+2.72	157	102.8	185	100.1	135	+5.55	128
153	VMI	SC	13-12	+1.09	107.8	88	106.7	269	69.9	89	-.048	279	+2.95	153	104.6	140	101.7	169	+5.01	136
154	Georgia St.	SB	16-6	+0.86	105.7	115	104.8	226	70.5	78	+.076	35	-1.79	217	101.2	230	103.0	219	+4.62	144
155	East Carolina	Amer	8-11	+0.74	99.3	232	98.6	107	67.9	187	-.016	218	+6.22	114	104.7	135	98.5	109	-6.89	303
156	Chattanooga	SC	18-8	+0.71	103.0	161	102.3	178	66.4	269	+.102	16	+0.68	185	103.3	174	102.6	208	-3.51	266
157	Miami OH	MAC	12-11	+0.70	106.0	111	105.3	234	65.8	293	+.002	168	+2.88	154	104.8	129	101.9	175	-0.46	222
158	Drexel 16	CAA	12-8	+0.67	106.5	104	105.8	248	63.9	340	+.007	158	-2.28	227	101.2	229	103.5	241	-5.75	295
159	South Dakota	Sum	14-11	+0.64	107.3	97	106.6	267	68.9	136	-.015	216	+0.22	191	103.3	173	103.1	226	+10.69	57
160	UTSA	CUSA	15-11	+0.57	106.5	105	105.9	252	71.8	37	+.021	129	+3.10	148	102.6	191	99.5	127	+5.87	119
161	Detroit	Horz	12-10	+0.51	109.3	65	108.8	299	67.1	230	-.051	287	-1.93	221	103.6	169	105.5	322	+8.53	82
162	Jacksonville St.	OVC	18-9	+0.44	104.9	125	104.5	220	65.8	292	+.017	139	-2.68	239	101.1	235	103.8	255	+4.66	141
163	Northern Iowa	MVC	10-15	+0.34	103.3	155	103.0	190	68.8	139	-.022	229	+7.13	104	105.2	121	98.0	101	+14.82	25
164	Wyoming	MWC	14-11	+0.17	109.1	68	109.0	301	69.0	129	+.046	78	+1.30	175	102.4	197	101.1	151	-11.70	318
165	Princeton	Ivy	0-0	+0.03	104.0	138	103.9	209	66.6	257	+.000	173	-99.00	348	0.0	348	200.0	348	-99.00	331
166	Navy	Pat	15-3	+0.02	103.7	145	103.7	201	65.9	286	+.179	2	-5.28	294	98.2	316	103.5	240	+7.37	99
167	Bellarmine	ASun	14-8	-0.02	108.3	78	108.3	293	65.1	315	-.015	217	-3.95	268	100.1	266	104.0	263	+7.14	102
168	Northeastern	CAA	10-9	-0.10	98.5	242	98.6	108	67.0	236	+.056	58	+3.03	149	105.2	119	102.2	183	+15.12	24
169	Cleveland St. 15	Horz	19-8	-0.13	100.6	206	100.7	138	66.1	279	+.199	1	-0.83	202	105.1	122	106.0	335	+20.35	9
170	South Florida	Amer	9-13	-0.14	100.8	200	101.0	147	66.8	247	+.049	73	+10.01	83	106.1	98	96.1	61	+2.23	185
171	Iowa St.	B12	2-22	-0.14	100.3	213	100.4	135	69.9	91	-.120	349	+17.29	12	111.6	11	94.3	15	+4.15	150
172	UMBC	AE	14-6	-0.15	100.6	203	100.8	139	67.5	208	-.013	214	-4.60	283	98.8	301	103.4	235	-3.40	264
173	Murray St.	OVC	13-13	-0.17	103.3	158	103.5	195	66.2	275	-.177	356	-5.03	290	99.6	280	104.7	295	-3.47	265
174	Eastern Kentucky	OVC	22-7	-0.56	101.0	197	101.5	160	74.8	2	+.085	26	-5.34	297	99.8	272	105.2	309	-7.97	307
175	Wake Forest	ACC	6-16	-0.64	101.3	191	101.9	169	67.0	241	-.109	345	+13.51	48	110.4	30	96.9	78	-17.91	327
176	UNLV	MWC	12-15	-0.66	103.7	143	104.4	217	66.1	281	-.037	261	+5.30	125	104.3	150	99.0	115	+13.13	33
177	James Madison	CAA	13-7	-0.69	103.5	151	104.2	210	71.8	36	-.048	278	-1.91	220	101.1	236	103.0	220	-0.26	220
178	Iona 15	MAAC	12-6	-0.78	100.2	217	101.0	146	67.7	199	+.030	107	-5.67	303	98.3	312	103.9	260	-0.54	225
179	Coastal Carolina	SB	18-8	-0.86	99.3	231	100.2	130	71.1	51	-.020	226	-5.02	289	99.8	274	104.8	301	-13.04	322
180	Sam Houston St.	Slnd	19-9	-1.06	101.3	193	102.3	179	70.9	57	+.092	20	-2.65	238	100.4	255	103.1	223	+15.53	19
181	Florida Atlantic	CUSA	13-10	-1.14	101.9	174	103.1	192	68.1	177	-.098	338	-1.50	212	101.2	232	102.7	209	-0.22	218
182	Gardner Webb	BSth	11-15	-1.18	104.5	130	105.6	246	66.7	252	-.165	355	-3.83	266	100.3	260	104.2	268	+12.76	41
183	Texas St.	SB	18-7	-1.23	99.6	228	100.8	141	62.4	354	+.072	41	-5.94	308	98.6	305	104.6	289	-7.87	306
184	Harvard	Ivy	0-0	-1.31	101.9	177	103.2	194	68.1	180	+.000	173	-99.00	348	0.0	348	200.0	348	-99.00	331
185	Bryant	NEC	15-7	-1.50	103.2	160	104.7	223	74.0	6	-.044	273	-7.65	330	98.2	314	105.9	328	+4.63	143
186	Siena	MAAC	12-5	-2.05	99.8	224	101.8	163	66.2	273	-.057	296	-7.28	325	96.7	332	104.0	262	-99.00	331
187	Hawaii	BW	11-10	-2.20	101.7	185	103.9	208	66.9	245	-.020	225	+0.65	186	101.8	220	101.1	150	-99.00	331
188	Rice	CUSA	15-13	-2.31	103.9	141	106.2	261	69.3	114	+.039	88	+2.38	162	102.1	207	99.7	131	-11.86	319
189	Montana	BSky	15-13	-2.35	98.8	239	101.2	154	65.7	299	+.009	149	+2.56	159	104.7	136	102.1	181	+19.82	10
190	Hofstra	CAA	13-10	-2.55	105.9	112	108.4	295	68.1	179	+.052	65	-1.31	210	101.6	223	102.9	216	+5.15	133
191	Fresno St.	MWC	12-12	-2.64	99.6	227	102.2	176	65.8	295	+.065	48	+4.63	129	104.5	142	99.9	132	-99.00	331
192	Southern Illinois	MVC	12-14	-2.89	100.0	219	102.8	188	66.2	274	+.075	37	+4.76	128	104.4	147	99.7	128	-4.30	274
193	Valparaiso	MVC	10-18	-2.94	96.6	275	99.5	123	67.0	239	-.028	247	+6.33	110	105.7	106	99.4	124	+5.09	135
194	Hartford 16	AE	15-9	-2.98	97.0	271	100.0	127	66.9	243	+.081	30	-5.09	291	99.2	289	104.3	275	-0.17	217
195	San Diego	WCC	3-11	-3.22	97.4	259	100.7	137	70.2	84	-.025	239	+10.79	77	108.1	71	97.3	87	+9.58	69
196	Nicholls St.	Slnd	18-7	-3.35	100.4	209	103.7	204	71.6	42	+.121	8	-6.96	320	98.6	304	105.6	323	+8.56	80
197	Army	Pat	12-10	-3.47	98.1	250	101.6	161	68.4	157	+.034	98	-1.17	208	103.3	172	104.5	286	+2.78	171
198	Illinois St.	MVC	7-18	-3.62	98.7	240	102.3	180	69.0	132	-.112	348	+5.34	123	105.4	116	100.1	134	+1.99	191
199	Utah Valley	WAC	11-11	-3.75	100.5	207	104.3	215	70.2	85	+.007	157	+0.60	189	103.2	176	102.6	207	+12.48	43
200	La Salle	A10	9-16	-3.83	101.8	181	105.6	245	68.5	155	-.012	211	+7.06	105	104.7	134	97.6	93	+5.97	116
201	Louisiana	SB	17-9	-3.89	100.3	211	104.2	214	71.0	56	+.096	19	-3.74	265	100.4	257	104.1	267	-1.65	248
202	Saint Joseph's	A10	5-15	-3.98	101.2	194	105.1	230	72.1	30	+.027	115	+10.62	79	107.8	78	97.2	83	+15.47	21
203	UMKC	Sum	11-13	-3.99	96.2	278	100.2	129	62.5	352	-.074	317	+1.37	174	104.6	141	103.2	229	+11.29	52
204	Evansville	MVC	9-16	-4.12	105.8	114	109.9	315	62.0	355	+.011	146	+4.00	136	103.5	170	99.5	125	-4.40	276
205	Elon	CAA	10-9	-4.14	96.7	274	100.9	142	66.5	265	+.014	142	-1.59	215	102.1	206	103.7	249	-4.32	275
206	Northern Kentucky	Horz	14-11	-4.17	103.8	142	108.0	286	64.7	323	+.056	59	-2.82	242	102.2	205	105.0	306	+3.87	154
207	Montana St.	BSky	13-10	-4.19	99.4	230	103.6	198	68.2	168	+.055	61	-1.12	205	102.4	196	103.6	243	+5.66	123
208	Texas Southern 16	SWAC	17-9	-4.37	99.8	221	104.2	212	71.5	45	+.059	54	-7.73	331	95.5	341	103.2	230	+14.62	27
209	UC Davis	BW	10-8	-4.37	98.0	253	102.3	181	69.2	119	+.087	25	-1.01	203	101.7	222	102.7	210	-0.67	229
210	Norfolk St. 16	MEAC	17-8	-4.47	99.1	234	103.6	199	67.5	211	+.090	21	-7.09	322	98.1	318	105.2	310	-0.76	231
211	Campbell	BSth	17-10	-4.64	102.9	162	107.6	281	63.9	338	+.064	49	-5.23	293	99.0	292	104.3	271	-1.81	249
212	Appalachian St. 16	SB	17-12	-4.71	98.4	245	103.1	191	65.5	310	+.039	86	-2.83	243	100.4	254	103.3	231	+5.52	129
213	Seattle	WAC	12-11	-4.96	98.6	241	103.5	197	68.8	140	-.036	258	-1.24	209	102.7	189	103.9	259	-1.33	242
214	Loyola MD	Pat	6-11	-5.02	96.8	272	101.8	165	68.4	162	-.190	357	-4.36	276	101.9	218	106.3	339	-99.00	331
215	Austin Peay	OVC	14-13	-5.04	104.0	137	109.0	302	66.8	249	-.071	315	-5.33	296	98.6	307	103.9	258	-1.46	246
216	Milwaukee	Horz	10-12	-5.05	101.8	180	106.9	271	69.8	97	-.010	204	-2.14	225	101.9	216	104.1	265	+0.69	206
217	South Alabama	SB	17-11	-5.08	103.3	157	108.4	294	66.5	261	+.043	84	-3.09	247	99.2	290	102.3	189	-1.13	238
218	The Citadel	SC	13-12	-5.13	104.0	136	109.1	305	74.2	4	+.064	50	+2.53	161	104.2	154	101.6	167	-10.53	317
219	Penn	Ivy	0-0	-5.13	100.2	216	105.3	236	69.2	124	+.000	173	-99.00	348	0.0	348	200.0	348	-99.00	331
220	Cornell	Ivy	0-0	-5.20	101.3	190	106.5	266	66.8	246	+.000	173	-99.00	348	0.0	348	200.0	348	-99.00	331
221	Oakland	Horz	12-18	-5.28	103.9	140	109.2	306	69.6	104	+.046	79	+2.29	164	105.4	115	103.1	227	+19.69	12
222	Saint Peter's	MAAC	14-11	-5.37	90.4	339	95.8	61	66.7	253	-.006	197	-6.37	316	98.3	311	104.6	294	+3.94	153
223	Morgan St.	MEAC	14-8	-5.71	100.0	218	105.7	247	71.9	32	-.037	259	-8.44	335	95.8	340	104.3	273	+0.09	215
224	Wagner	NEC	13-7	-5.72	100.8	201	106.5	265	65.5	304	+.068	46	-8.56	336	97.8	320	106.4	340	+19.76	11
225	Delaware	CAA	7-8	-6.08	97.0	269	103.1	193	66.5	262	-.069	314	-4.03	269	101.9	219	105.9	330	-2.15	252
226	Monmouth	MAAC	12-8	-6.09	99.0	237	105.1	229	74.2	5	+.050	71	-6.16	312	96.9	330	103.1	224	-3.73	268
227	George Washington	A10	5-12	-6.17	101.6	187	107.8	285	67.8	188	-.094	335	+0.63	187	99.9	269	99.2	119	-6.36	300
228	Northern Colorado	BSky	11-11	-6.19	99.0	238	105.1	231	67.8	189	-.004	192	-2.05	222	100.8	245	102.9	215	+14.75	26
229	Cal Baptist	WAC	13-10	-6.23	104.3	131	110.6	321	70.5	76	-.016	219	-4.46	277	99.8	278	104.2	269	-8.93	314
230	UMass Lowell	AE	11-12	-6.29	99.8	223	106.1	259	69.0	131	+.055	60	-1.81	218	100.3	259	102.1	182	+12.68	42
231	UC San Diego	BW	7-10	-6.29	101.7	182	108.0	289	69.7	99	+.023	124	+6.01	116	104.0	159	98.0	102	+6.01	115
232	Charleston	CAA	9-10	-6.35	102.2	170	108.6	297	63.5	345	-.030	249	-2.06	223	101.5	225	103.6	245	+2.49	179
233	Stetson	ASun	12-15	-6.46	100.3	212	106.8	270	67.8	194	-.006	196	-2.07	224	101.7	221	103.8	252	+8.03	91
234	Charlotte	CUSA	9-16	-6.49	97.3	261	103.8	206	62.7	351	-.032	251	+0.99	180	102.5	194	101.5	160	-4.60	280
235	Prairie View A&M	SWAC	16-5	-6.51	94.6	299	101.2	152	69.2	121	+.111	12	-13.88	346	93.3	346	107.2	345	+7.32	100
236	Stony Brook	AE	9-14	-6.61	94.7	295	101.3	157	66.4	268	-.090	330	-3.12	248	100.2	262	103.3	232	+2.20	186
237	Mount St. Mary's 16	NEC	12-11	-6.62	94.5	301	101.1	150	61.6	356	-.004	191	-6.45	317	99.4	285	105.9	329	+11.14	53
238	Lipscomb	ASun	15-12	-6.74	100.9	198	107.7	282	66.0	282	+.024	120	-3.63	259	100.2	263	103.8	254	+3.14	167
239	Little Rock	SB	11-15	-6.86	98.4	243	105.3	235	67.0	240	-.040	266	-2.76	241	99.8	275	102.6	203	+3.86	155
240	Albany	AE	7-9	-6.91	97.3	263	104.2	211	69.6	108	-.079	322	-4.50	280	98.9	297	103.4	236	-3.88	270
241	Western Carolina	SC	11-16	-7.07	99.9	220	106.9	272	70.5	77	+.031	105	+1.92	166	104.4	146	102.5	197	-3.78	269
242	Long Beach St.	BW	6-12	-7.12	97.6	256	104.7	224	73.7	8	-.011	208	+0.68	184	102.4	199	101.7	171	+4.92	138
243	Radford	BSth	15-12	-7.12	97.7	255	104.8	225	63.5	346	+.023	122	-4.51	281	100.1	267	104.6	291	+8.22	84
244	UNC Asheville	BSth	10-10	-7.13	100.6	204	107.8	283	68.2	170	-.008	202	-5.46	299	99.4	286	104.9	303	-4.57	279
245	Portland St.	BSky	9-13	-7.17	93.1	314	100.3	132	69.2	116	-.135	353	-2.41	230	101.1	234	103.6	242	+10.17	63
246	Youngstown St.	Horz	15-12	-7.31	102.2	171	109.5	310	67.6	202	+.032	101	-4.05	271	102.0	214	106.0	337	-9.99	315
247	Longwood	BSth	12-17	-7.33	98.0	251	105.4	237	65.0	317	-.027	243	-4.04	270	100.4	253	104.5	285	+1.92	193
248	UNC Wilmington	CAA	7-10	-7.42	102.1	173	109.5	309	69.0	130	-.122	350	-4.61	284	100.1	264	104.7	297	-2.07	251
249	Brown	Ivy	0-0	-7.70	95.2	288	102.9	189	69.7	100	+.000	173	-99.00	348	0.0	348	200.0	348	-99.00	331
250	Niagara	MAAC	9-11	-7.71	99.8	222	107.5	280	64.5	329	-.041	268	-5.72	304	96.5	335	102.2	185	+10.14	64
251	Canisius	MAAC	7-6	-7.82	99.1	235	107.0	273	70.6	74	+.058	56	-5.54	301	96.0	339	101.6	161	-99.00	331
252	Arkansas St.	SB	11-13	-7.84	99.2	233	107.0	276	67.6	201	-.041	270	-3.60	257	99.4	284	103.0	221	+8.54	81
253	UT Arlington	SB	13-13	-7.87	98.2	246	106.1	260	69.2	118	+.051	67	-2.71	240	99.8	276	102.5	196	+12.89	37
254	Sacramento St.	BSky	8-12	-7.93	102.4	168	110.3	318	65.3	313	-.030	250	+0.63	188	103.2	178	102.5	199	+4.37	147
255	Cal St. Fullerton	BW	6-10	-8.09	101.6	188	109.6	313	71.8	39	-.044	274	-0.03	193	102.3	203	102.3	191	-1.35	243
256	Southern Miss	CUSA	8-17	-8.19	92.9	317	101.1	149	67.4	218	-.078	320	+1.08	178	102.1	208	101.0	146	-5.63	292
257	Green Bay	Horz	8-17	-8.28	102.3	169	110.6	324	65.9	285	-.042	271	-1.16	207	103.2	177	104.3	278	+13.51	32
258	Idaho St.	BSky	13-11	-8.54	93.7	306	102.2	175	64.2	335	+.000	172	-2.49	234	101.1	237	103.6	244	+5.63	125
259	Cal St. Northridge	BW	9-13	-8.79	101.7	186	110.4	320	70.1	86	+.059	55	+1.03	179	102.3	202	101.3	155	+3.97	152
260	Boston University	Pat	7-11	-8.93	100.3	210	109.3	307	65.6	302	+.008	152	-2.16	226	102.5	195	104.6	293	-99.00	331
261	Tarleton St.	WAC	10-10	-8.95	97.0	270	105.9	256	64.4	331	-.052	288	+0.81	183	102.0	213	101.2	152	+11.46	49
262	Lafayette	Pat	9-6	-9.08	102.9	163	112.0	335	68.6	145	+.062	53	-8.82	338	96.6	333	105.4	318	-99.00	331
263	IUPUI	Horz	8-10	-9.37	96.2	279	105.5	243	72.1	28	+.076	36	-2.49	233	102.1	210	104.5	288	-15.79	326
264	Samford	SC	6-13	-9.49	96.5	276	106.0	257	72.7	17	-.035	255	+2.79	155	104.1	157	101.3	156	-3.32	262
265	Jackson St.	SWAC	12-6	-9.62	88.1	349	97.7	92	68.4	159	+.111	13	-12.38	344	93.8	343	106.2	338	+13.02	36
266	Marist	MAAC	12-9	-9.69	91.6	328	101.3	155	66.1	280	+.082	29	-7.36	327	97.2	328	104.5	287	-13.45	323
267	American	Pat	4-6	-9.74	96.5	277	106.2	262	67.4	215	+.065	47	-1.53	213	101.0	239	102.5	200	-99.00	331
268	New Hampshire	AE	10-9	-9.83	96.0	282	105.8	249	66.4	266	+.056	57	-6.27	314	97.3	327	103.6	246	-4.42	277
269	Southeast Missouri St.	OVC	11-16	-10.05	95.5	287	105.5	242	68.4	158	-.003	185	-4.48	278	99.9	270	104.3	277	-0.50	224
270	Georgia Southern	SB	13-13	-10.11	94.1	305	104.2	213	66.6	255	+.032	102	-3.37	253	100.4	258	103.7	250	-1.33	241
271	LIU	NEC	9-9	-10.34	93.4	310	103.7	205	73.7	9	-.021	228	-9.13	340	98.2	313	107.4	346	-99.00	331
272	North Dakota	Sum	9-17	-10.39	97.7	254	108.1	291	67.1	229	+.077	33	+0.98	181	104.3	152	103.3	233	+5.95	117
273	North Alabama	ASun	13-11	-10.48	94.7	297	105.2	232	70.6	75	+.051	66	-4.68	285	100.6	251	105.3	313	+2.80	170
274	Western Michigan	MAC	5-16	-10.48	94.7	294	105.2	233	66.0	283	-.036	257	+4.37	131	106.4	95	102.1	180	+5.17	132
275	Dartmouth	Ivy	0-0	-10.70	94.8	292	105.5	244	66.6	259	+.000	173	-99.00	348	0.0	348	200.0	348	-99.00	331
276	Bucknell	Pat	5-7	-10.71	97.3	262	108.0	288	71.8	34	-.018	224	-6.93	319	99.8	273	106.7	341	-99.00	331
277	Florida A&M	MEAC	8-12	-10.72	90.2	341	100.9	144	68.4	161	-.011	206	-6.24	313	98.8	302	105.0	307	+13.05	35
278	New Orleans	Slnd	10-15	-10.73	97.3	260	108.1	290	72.4	23	-.093	333	-8.05	333	98.7	303	106.8	342	+2.41	181
279	Florida Gulf Coast	ASun	10-8	-10.92	93.5	309	104.4	218	70.6	69	+.072	39	-6.14	311	99.0	295	105.1	308	-5.02	286
280	Purdue Fort Wayne	Horz	8-15	-10.97	100.3	214	111.2	329	69.5	109	-.025	240	-3.72	264	102.2	204	105.9	333	-19.28	329
281	Central Michigan	MAC	7-16	-11.04	100.2	215	111.3	330	72.1	29	-.046	276	+1.08	177	103.7	164	102.6	205	-6.06	298
282	UT Rio Grande Valley	WAC	9-10	-11.05	91.8	325	102.8	187	69.6	103	-.050	285	-3.66	262	99.8	277	103.4	237	-1.17	239
283	North Carolina A&T	MEAC	11-10	-11.09	95.6	284	106.7	268	70.6	73	+.078	32	-4.98	288	97.8	321	102.8	212	+2.87	169
284	High Point	BSth	9-15	-11.20	96.1	280	107.3	277	66.1	277	-.033	253	-4.75	286	99.8	271	104.6	292	+0.18	213
285	Quinnipiac	MAAC	9-13	-11.21	89.6	345	100.8	140	72.0	31	-.042	272	-7.27	323	97.6	324	104.9	302	-5.16	287
286	Columbia	Ivy	0-0	-11.25	94.7	298	105.9	255	68.9	137	+.000	173	-99.00	348	0.0	348	200.0	348	-99.00	331
287	Merrimack	NEC	9-9	-11.37	90.7	336	102.1	173	66.5	263	+.014	143	-9.01	339	98.6	308	107.6	347	-99.00	331
288	Illinois Chicago	Horz	9-13	-11.42	93.1	315	104.5	221	68.2	175	+.050	68	-3.33	250	102.4	198	105.8	327	-1.09	235
289	Eastern Michigan	MAC	6-12	-11.42	97.1	268	108.5	296	68.1	178	-.039	264	+5.33	124	106.9	87	101.6	164	+18.07	13
290	Western Illinois	Sum	7-15	-11.43	98.0	252	109.4	308	71.5	44	-.010	205	-0.67	198	104.0	158	104.7	298	-0.24	219
291	Coppin St.	MEAC	9-13	-11.69	91.0	334	102.6	183	76.8	1	+.073	38	-2.62	236	101.4	226	104.0	261	+7.19	101
292	FIU	CUSA	9-17	-11.81	97.3	264	109.1	304	70.3	82	-.090	328	-0.33	194	101.9	217	102.2	187	-7.66	305
293	Jacksonville	ASun	11-13	-11.85	93.7	307	105.5	241	67.6	204	+.050	70	-4.53	282	100.4	256	104.9	305	-4.87	282
294	New Mexico	MWC	6-16	-11.86	91.6	327	103.5	196	67.7	195	-.039	265	+3.60	142	104.6	139	101.0	148	-4.14	273
295	NJIT	AE	7-12	-12.08	94.2	303	106.2	263	68.2	171	+.024	121	-4.29	275	98.8	300	103.1	225	-0.50	223
296	Louisiana Monroe	SB	7-19	-12.16	93.2	313	105.4	239	67.1	231	-.040	267	-3.63	258	99.7	279	103.3	234	-2.77	256
297	North Florida	ASun	8-15	-12.34	101.9	176	114.2	352	66.5	260	+.036	94	-1.84	219	100.7	247	102.5	201	+4.38	146
298	Towson	CAA	4-14	-12.35	99.0	236	111.4	332	65.8	294	-.022	230	-0.50	196	102.4	201	102.9	214	+8.63	78
299	Fairleigh Dickinson	NEC	9-15	-12.39	100.7	202	113.1	345	70.6	68	+.017	138	-6.04	309	98.9	299	104.9	304	+3.84	156
300	Nebraska Omaha	Sum	5-20	-12.44	94.6	300	107.0	275	70.7	65	-.017	221	+2.38	163	104.3	153	101.9	176	+10.20	62
301	St. Francis NY	NEC	9-10	-12.46	100.9	199	113.4	347	72.5	22	+.030	106	-8.66	337	97.1	329	105.7	326	-6.68	301
302	William & Mary	CAA	7-10	-12.46	94.8	291	107.3	278	68.1	182	+.106	14	-0.79	201	103.1	179	103.8	257	+0.32	210
303	Robert Morris	Horz	4-15	-12.51	98.1	249	110.6	323	67.3	224	-.053	291	-0.61	197	104.7	131	105.3	315	+8.17	88
304	Holy Cross	Pat	5-11	-12.55	97.2	265	109.8	314	69.1	126	-.047	277	-2.51	235	102.0	215	104.5	283	-99.00	331
305	Troy	SB	11-17	-12.62	92.4	322	105.0	228	68.2	173	+.036	93	-0.78	199	101.2	231	102.0	177	+3.59	162
306	Middle Tennessee	CUSA	5-18	-12.66	91.2	332	103.9	207	69.2	117	-.035	256	+2.63	158	102.6	193	99.9	133	+0.99	203
307	Lamar	Slnd	10-18	-12.82	93.1	316	105.9	254	67.5	210	+.009	151	-4.23	274	99.3	288	103.5	239	+2.64	176
308	Southern	SWAC	8-11	-12.84	91.5	329	104.3	216	70.6	71	-.075	318	-12.47	345	93.4	345	105.9	331	+17.22	14
309	Fairfield	MAAC	10-17	-12.92	94.9	290	107.8	284	64.3	333	+.005	163	-5.31	295	96.9	331	102.2	186	-0.56	226
310	Fordham	A10	2-12	-12.93	86.3	352	99.3	119	63.7	343	+.018	136	+6.28	111	105.8	103	99.5	126	-99.00	331
311	Eastern Illinois	OVC	9-18	-13.22	95.5	286	108.7	298	68.9	138	-.004	189	-3.67	263	100.9	242	104.6	290	+2.66	175
312	St. Francis PA	NEC	6-16	-13.27	94.7	296	108.0	287	68.5	154	-.066	307	-5.49	300	99.9	268	105.4	320	+13.07	34
313	Tennessee Tech	OVC	5-22	-13.90	96.0	281	109.9	316	68.8	142	-.055	292	+0.13	192	102.4	200	102.2	188	+10.77	56
314	Howard	MEAC	1-4	-13.94	98.2	247	112.2	337	69.5	110	+.102	15	-1.12	206	103.6	168	104.7	296	-1.12	237
315	Manhattan	MAAC	7-13	-14.18	89.5	346	103.7	202	67.1	233	-.006	195	-7.27	324	96.6	334	103.8	256	-19.54	330
316	Rider	MAAC	6-17	-14.19	99.5	229	113.7	350	67.6	205	-.041	269	-4.09	273	97.4	326	101.4	158	+10.52	58
317	Northwestern St.	Slnd	11-18	-14.21	96.7	273	110.9	327	70.8	62	+.077	34	-3.41	254	101.1	238	104.5	284	+15.36	22
318	Grambling St.	SWAC	12-12	-14.24	92.1	324	106.3	264	69.8	94	+.036	95	-10.43	342	94.0	342	104.4	281	+8.61	79
319	Northern Arizona	BSky	6-16	-14.31	98.4	244	112.7	344	63.9	339	+.038	89	+1.69	169	103.4	171	101.7	170	+12.79	40
320	Tennessee St.	OVC	4-19	-14.65	90.2	340	104.9	227	71.2	49	-.103	341	-3.65	261	100.7	248	104.3	276	-2.67	255
321	Portland	WCC	6-15	-14.72	97.1	267	111.8	334	71.0	55	+.054	63	+9.28	88	106.9	88	97.6	91	+3.26	165
322	USC Upstate	BSth	5-18	-14.75	94.8	293	109.5	312	68.3	166	-.032	252	-2.37	229	100.6	250	103.0	217	+7.84	93
323	SIU Edwardsville	OVC	9-17	-14.80	92.6	319	107.4	279	68.2	172	+.008	155	-2.48	232	101.3	228	103.8	251	+3.48	163
324	Sacred Heart	NEC	9-9	-15.26	98.2	248	113.5	348	66.2	272	+.130	6	-7.28	326	98.1	317	105.4	319	+22.79	2
325	Binghamton	AE	4-14	-15.31	97.2	266	112.5	340	65.9	290	-.095	336	-4.07	272	98.4	309	102.4	194	-8.19	308
326	Presbyterian	BSth	7-15	-15.46	90.6	337	106.1	258	65.7	297	-.057	295	-6.62	318	99.0	293	105.6	324	-10.52	316
327	Hampton	BSth	11-14	-15.71	94.9	289	110.6	322	70.4	80	+.118	10	-7.39	328	98.6	306	106.0	334	-3.36	263
328	Dixie St.	WAC	8-13	-15.71	91.3	330	107.0	274	73.1	15	+.070	42	-2.34	228	101.3	227	103.7	248	-2.47	254
329	Cal Poly	BW	4-20	-15.85	90.1	343	105.9	253	66.8	248	+.015	141	+2.76	156	103.0	181	100.2	139	-0.10	216
330	North Carolina Central	MEAC	5-9	-16.21	93.3	311	109.5	311	65.9	287	+.033	100	-6.13	310	96.5	336	102.6	206	+12.85	39
331	Central Arkansas	Slnd	5-19	-16.26	97.6	258	113.8	351	70.9	61	-.018	223	+1.85	167	102.8	186	101.0	144	+21.14	6
332	Air Force	MWC	5-20	-16.51	94.4	302	110.9	326	62.8	349	+.028	111	+4.35	132	104.6	138	100.3	140	-2.18	253
333	San Jose St.	MWC	5-16	-16.79	95.5	285	112.3	338	71.8	38	+.006	161	+5.92	117	104.0	161	98.1	104	+2.69	174
334	Lehigh	Pat	4-11	-17.39	91.6	326	109.0	303	70.0	87	+.063	52	-5.82	306	101.0	241	106.8	343	-99.00	331
335	Kennesaw St.	ASun	5-19	-17.57	87.8	350	105.4	238	69.3	113	-.088	327	-1.56	214	102.9	183	104.4	280	+8.80	77
336	Southeastern Louisiana	Slnd	8-18	-17.92	92.9	318	110.8	325	68.6	150	+.043	83	-5.13	292	100.2	261	105.4	317	+5.34	131
337	Northern Illinois	MAC	3-16	-17.94	93.3	312	111.2	328	65.4	312	-.003	187	+2.98	152	105.4	117	102.4	193	-5.23	288
338	Denver	Sum	2-19	-18.40	94.2	304	112.6	341	70.9	60	-.105	343	-2.88	244	101.5	224	104.4	279	-5.27	289
339	Charleston Southern	BSth	3-18	-18.49	89.8	344	108.3	292	69.6	106	-.049	284	-3.32	249	100.8	246	104.1	266	+1.74	194
340	McNeese St.	Slnd	10-14	-18.77	95.7	283	114.5	353	68.5	156	-.090	329	-9.21	341	97.6	323	106.8	344	+6.78	104
341	Houston Baptist	Slnd	6-19	-18.90	92.5	321	111.4	331	72.6	18	-.003	186	-2.99	245	100.6	249	103.6	247	+11.53	48
342	Alcorn St.	SWAC	6-13	-19.09	91.1	333	110.2	317	69.5	111	-.026	241	-8.11	334	96.1	338	104.2	270	+22.33	3
343	Incarnate Word	Slnd	8-14	-19.09	93.6	308	112.7	342	64.7	324	-.049	281	-7.08	321	98.2	315	105.3	314	+7.53	97
344	Texas A&M Corpus Chris	Slnd	5-19	-19.44	89.4	347	108.8	300	69.6	105	-.093	334	-3.59	256	99.1	291	102.7	211	+3.71	161
345	Central Connecticut	NEC	5-16	-19.46	92.5	320	112.0	336	70.3	83	+.003	164	-6.27	315	99.0	294	105.2	312	+7.82	94
346	Maine	AE	2-7	-20.00	85.9	353	105.9	251	64.5	330	+.028	112	-0.78	200	100.9	244	101.6	166	+6.69	106
347	Tennessee Martin	OVC	8-16	-21.00	92.3	323	113.3	346	67.4	220	+.122	7	-2.64	237	101.2	233	103.8	253	-0.86	232
348	Alabama A&M	SWAC	6-9	-21.04	84.8	354	105.8	250	67.5	209	+.018	134	-11.82	343	93.6	344	105.4	321	-5.52	291
349	Bethune Cookman	MEAC	0-0	-22.53	90.1	342	112.7	343	72.3	25	+.000	173	-99.00	348	0.0	348	200.0	348	-99.00	331
350	Idaho	BSky	1-21	-23.01	90.6	338	113.6	349	66.8	250	-.021	227	+0.42	190	102.9	182	102.5	198	+15.56	18
351	Arkansas Pine Bluff	SWAC	4-21	-23.47	91.2	331	114.7	354	67.0	242	-.086	326	-3.36	252	97.6	325	100.9	143	+15.77	17
352	Delaware St.	MEAC	3-16	-24.53	90.9	335	115.4	355	73.3	12	-.064	303	-3.65	260	98.9	296	102.6	204	+2.33	184
353	South Carolina St.	MEAC	1-17	-25.23	87.2	351	112.4	339	71.6	40	-.109	346	-4.49	279	98.3	310	102.8	213	+2.06	189
354	Alabama St.	SWAC	4-14	-25.94	84.4	355	110.3	319	70.8	63	-.049	282	-14.36	347	91.6	347	105.9	332	-99.00	331
355	Maryland Eastern Shore	MEAC	0-0	-27.60	83.9	356	111.5	333	67.8	192	+.000	173	-99.00	348	0.0	348	200.0	348	-99.00	331
356	Chicago St.	WAC	0-9	-29.85	88.3	348	118.1	356	67.5	212	-.006	198	+9.06	92	106.6	91	97.6	88	+9.06	75
357	Mississippi Valley St.	SWAC	2-22	-41.29	79.4	357	120.7	357	71.1	50	+.040	85	-3.93	267	97.7	322	101.6	163	+16.42	15
